# Energy [keV]    Rate [DRU]
0.0000000000e+00  1.8040443846e-07
1.0000000000e+00  5.3399713784e-06
2.0000000000e+00  1.9772326455e-05
3.0000000000e+00  2.3524738775e-05
4.0000000000e+00  2.4354599192e-05
5.0000000000e+00  2.4498922743e-05
6.0000000000e+00  2.3705143214e-05
7.0000000000e+00  2.5725672924e-05
8.0000000000e+00  2.4643246294e-05
9.0000000000e+00  2.4931893395e-05
1.0000000000e+01  2.2297988594e-05
1.1000000000e+01  2.5545268486e-05
1.2000000000e+01  2.4246356529e-05
1.3000000000e+01  2.4102032978e-05
1.4000000000e+01  2.4498922743e-05
1.5000000000e+01  2.5906077363e-05
1.6000000000e+01  2.4102032978e-05
1.7000000000e+01  2.2947444572e-05
1.8000000000e+01  2.4679327181e-05
1.9000000000e+01  2.2767040134e-05
2.0000000000e+01  2.2478393032e-05
2.1000000000e+01  2.2875282797e-05
2.2000000000e+01  2.3452577000e-05
2.3000000000e+01  2.5292702272e-05
2.4000000000e+01  2.4210275641e-05
2.5000000000e+01  2.3524738775e-05
2.6000000000e+01  2.5112297834e-05
2.7000000000e+01  2.3849466764e-05
2.8000000000e+01  2.4318518304e-05
2.9000000000e+01  2.2983525460e-05
3.0000000000e+01  2.2767040134e-05
3.1000000000e+01  2.4246356529e-05
3.2000000000e+01  2.5437025823e-05
3.3000000000e+01  2.3200010786e-05
3.4000000000e+01  2.2983525460e-05
3.5000000000e+01  2.3885547652e-05
3.6000000000e+01  2.5040136058e-05
3.7000000000e+01  2.3849466764e-05
3.8000000000e+01  2.4823650732e-05
3.9000000000e+01  2.4498922743e-05
4.0000000000e+01  2.4318518304e-05
4.1000000000e+01  2.4318518304e-05
4.2000000000e+01  2.3380415224e-05
4.3000000000e+01  2.4535003630e-05
4.4000000000e+01  2.3957709427e-05
4.5000000000e+01  2.5617430261e-05
4.6000000000e+01  2.4282437417e-05
4.7000000000e+01  2.6627695117e-05
4.8000000000e+01  2.5761753812e-05
4.9000000000e+01  2.2983525460e-05
5.0000000000e+01  2.7241070207e-05
5.1000000000e+01  2.4462841855e-05
5.2000000000e+01  2.4029871203e-05
5.3000000000e+01  2.4029871203e-05
5.4000000000e+01  2.4138113866e-05
5.5000000000e+01  2.4102032978e-05
5.6000000000e+01  2.5292702272e-05
5.7000000000e+01  2.2189745930e-05
5.8000000000e+01  2.4426760967e-05
5.9000000000e+01  2.5869996475e-05
6.0000000000e+01  2.4823650732e-05
6.1000000000e+01  2.4102032978e-05
6.2000000000e+01  2.5004055170e-05
6.3000000000e+01  2.3019606347e-05
6.4000000000e+01  2.3596900550e-05
6.5000000000e+01  2.5869996475e-05
6.6000000000e+01  2.6158643577e-05
6.7000000000e+01  2.2442312144e-05
6.8000000000e+01  2.5184459609e-05
6.9000000000e+01  2.2839201909e-05
7.0000000000e+01  2.5004055170e-05
7.1000000000e+01  2.6411209790e-05
7.2000000000e+01  2.2803121021e-05
7.3000000000e+01  2.4607165406e-05
7.4000000000e+01  2.5148378721e-05
7.5000000000e+01  2.5473106710e-05
7.6000000000e+01  2.4715408069e-05
7.7000000000e+01  2.4282437417e-05
7.8000000000e+01  2.4679327181e-05
7.9000000000e+01  2.4354599192e-05
8.0000000000e+01  2.5653511149e-05
8.1000000000e+01  2.5256621384e-05
8.2000000000e+01  2.6158643577e-05
8.3000000000e+01  2.3272172561e-05
8.4000000000e+01  2.5004055170e-05
8.5000000000e+01  2.5040136058e-05
8.6000000000e+01  2.6808099555e-05
8.7000000000e+01  2.5076216946e-05
8.8000000000e+01  2.4354599192e-05
8.9000000000e+01  2.4895812507e-05
9.0000000000e+01  2.3885547652e-05
9.1000000000e+01  2.4210275641e-05
9.2000000000e+01  2.4571084518e-05
9.3000000000e+01  2.5400944935e-05
9.4000000000e+01  2.6086481801e-05
9.5000000000e+01  2.5906077363e-05
9.6000000000e+01  2.4318518304e-05
9.7000000000e+01  2.4065952090e-05
9.8000000000e+01  2.6302967127e-05
9.9000000000e+01  2.4823650732e-05
1.0000000000e+02  2.4138113866e-05
1.0100000000e+02  2.3380415224e-05
1.0200000000e+02  2.5725672924e-05
1.0300000000e+02  2.3560819663e-05
1.0400000000e+02  2.4318518304e-05
1.0500000000e+02  2.5761753812e-05
1.0600000000e+02  2.5833915587e-05
1.0700000000e+02  2.6699856892e-05
1.0800000000e+02  2.6122562689e-05
1.0900000000e+02  2.5040136058e-05
1.1000000000e+02  2.4318518304e-05
1.1100000000e+02  2.6014320026e-05
1.1200000000e+02  2.4859731620e-05
1.1300000000e+02  2.4607165406e-05
1.1400000000e+02  2.7132827544e-05
1.1500000000e+02  2.6158643577e-05
1.1600000000e+02  2.5906077363e-05
1.1700000000e+02  2.4498922743e-05
1.1800000000e+02  2.4643246294e-05
1.1900000000e+02  2.6302967127e-05
1.2000000000e+02  2.3813385877e-05
1.2100000000e+02  2.5797834700e-05
1.2200000000e+02  2.4931893395e-05
1.2300000000e+02  2.6663776004e-05
1.2400000000e+02  2.6663776004e-05
1.2500000000e+02  2.6014320026e-05
1.2600000000e+02  2.4967974283e-05
1.2700000000e+02  2.5076216946e-05
1.2800000000e+02  2.7493636421e-05
1.2900000000e+02  2.5797834700e-05
1.3000000000e+02  2.4751488957e-05
1.3100000000e+02  2.5509187598e-05
1.3200000000e+02  2.4390680080e-05
1.3300000000e+02  2.4354599192e-05
1.3400000000e+02  2.5076216946e-05
1.3500000000e+02  2.4859731620e-05
1.3600000000e+02  2.4751488957e-05
1.3700000000e+02  2.5184459609e-05
1.3800000000e+02  2.5473106710e-05
1.3900000000e+02  2.4859731620e-05
1.4000000000e+02  2.5184459609e-05
1.4100000000e+02  2.4679327181e-05
1.4200000000e+02  2.6050400913e-05
1.4300000000e+02  2.5942158250e-05
1.4400000000e+02  2.5978239138e-05
1.4500000000e+02  2.5869996475e-05
1.4600000000e+02  2.7818364410e-05
1.4700000000e+02  2.4426760967e-05
1.4800000000e+02  2.5545268486e-05
1.4900000000e+02  2.4967974283e-05
1.5000000000e+02  2.5581349374e-05
1.5100000000e+02  2.4065952090e-05
1.5200000000e+02  2.4390680080e-05
1.5300000000e+02  2.5364864047e-05
1.5400000000e+02  2.4174194754e-05
1.5500000000e+02  2.4535003630e-05
1.5600000000e+02  2.5148378721e-05
1.5700000000e+02  2.6844180443e-05
1.5800000000e+02  2.6772018667e-05
1.5900000000e+02  2.5689592037e-05
1.6000000000e+02  2.4607165406e-05
1.6100000000e+02  2.5761753812e-05
1.6200000000e+02  2.5833915587e-05
1.6300000000e+02  2.4859731620e-05
1.6400000000e+02  2.3019606347e-05
1.6500000000e+02  2.6014320026e-05
1.6600000000e+02  2.6050400913e-05
1.6700000000e+02  2.4138113866e-05
1.6800000000e+02  2.4895812507e-05
1.6900000000e+02  2.5653511149e-05
1.7000000000e+02  2.5184459609e-05
1.7100000000e+02  2.5689592037e-05
1.7200000000e+02  2.5328783160e-05
1.7300000000e+02  2.3055687235e-05
1.7400000000e+02  2.5473106710e-05
1.7500000000e+02  2.5653511149e-05
1.7600000000e+02  2.5725672924e-05
1.7700000000e+02  2.6519452453e-05
1.7800000000e+02  2.6375128903e-05
1.7900000000e+02  2.5112297834e-05
1.8000000000e+02  2.4535003630e-05
1.8100000000e+02  2.5833915587e-05
1.8200000000e+02  2.6699856892e-05
1.8300000000e+02  2.4065952090e-05
1.8400000000e+02  2.4318518304e-05
1.8500000000e+02  2.5797834700e-05
1.8600000000e+02  2.5076216946e-05
1.8700000000e+02  2.5040136058e-05
1.8800000000e+02  4.1709506172e-05
1.8900000000e+02  5.0693647207e-05
1.9000000000e+02  4.9106088149e-05
1.9100000000e+02  5.0405000105e-05
1.9200000000e+02  5.0008110341e-05
1.9300000000e+02  4.9214330812e-05
1.9400000000e+02  4.9972029453e-05
1.9500000000e+02  5.0368919218e-05
1.9600000000e+02  4.9539058801e-05
1.9700000000e+02  4.9719463239e-05
1.9800000000e+02  4.7590690866e-05
1.9900000000e+02  4.7554609978e-05
2.0000000000e+02  4.9972029453e-05
2.0100000000e+02  5.4662544853e-05
2.0200000000e+02  5.3904846212e-05
2.0300000000e+02  5.5925375922e-05
2.0400000000e+02  7.4182305094e-05
2.0500000000e+02  1.0322741969e-04
2.0600000000e+02  1.0683550846e-04
2.0700000000e+02  1.0366039034e-04
2.0800000000e+02  1.0474281697e-04
2.0900000000e+02  1.0777361154e-04
2.1000000000e+02  1.0459849342e-04
2.1100000000e+02  1.0521186851e-04
2.1200000000e+02  1.0647469958e-04
2.1300000000e+02  1.0582524360e-04
2.1400000000e+02  1.0780969242e-04
2.1500000000e+02  1.0629429514e-04
2.1600000000e+02  1.0614997159e-04
2.1700000000e+02  1.0744888355e-04
2.1800000000e+02  1.0589740538e-04
2.1900000000e+02  1.0560875827e-04
2.2000000000e+02  1.0012446334e-04
2.2100000000e+02  1.0261404460e-04
2.2200000000e+02  1.0780969242e-04
2.2300000000e+02  1.0492322141e-04
2.2400000000e+02  1.0243364016e-04
2.2500000000e+02  1.0185634595e-04
2.2600000000e+02  1.0214499306e-04
2.2700000000e+02  1.0481497874e-04
2.2800000000e+02  1.0214499306e-04
2.2900000000e+02  1.0301093436e-04
2.3000000000e+02  1.0420160365e-04
2.3100000000e+02  9.9835816243e-05
2.3200000000e+02  1.0409336099e-04
2.3300000000e+02  1.0099040465e-04
2.3400000000e+02  1.0156769885e-04
2.3500000000e+02  1.0391295655e-04
2.3600000000e+02  1.0326350057e-04
2.3700000000e+02  1.0210891217e-04
2.3800000000e+02  1.0398511833e-04
2.3900000000e+02  1.0279444903e-04
2.4000000000e+02  1.0207283128e-04
2.4100000000e+02  1.0665510402e-04
2.4200000000e+02  1.0542835384e-04
2.4300000000e+02  1.0178418418e-04
2.4400000000e+02  1.0077391932e-04
2.4500000000e+02  1.0380471389e-04
2.4600000000e+02  1.0322741969e-04
2.4700000000e+02  1.0575308182e-04
2.4800000000e+02  1.0337174324e-04
2.4900000000e+02  1.0344390501e-04
2.5000000000e+02  1.0326350057e-04
2.5100000000e+02  9.9186360265e-05
2.5200000000e+02  1.0586132449e-04
2.5300000000e+02  1.0532011117e-04
2.5400000000e+02  1.0679942757e-04
2.5500000000e+02  1.0265012548e-04
2.5600000000e+02  1.0315525791e-04
2.5700000000e+02  1.0604172893e-04
2.5800000000e+02  1.0452633164e-04
2.5900000000e+02  1.0135121353e-04
2.6000000000e+02  1.0560875827e-04
2.6100000000e+02  1.4778731599e-04
2.6200000000e+02  1.7398204045e-04
2.6300000000e+02  1.7773445277e-04
2.6400000000e+02  1.7477581998e-04
2.6500000000e+02  1.7336866536e-04
2.6600000000e+02  1.7549743773e-04
2.6700000000e+02  1.7744580567e-04
2.6800000000e+02  1.8145078420e-04
2.6900000000e+02  1.7665202614e-04
2.7000000000e+02  1.7239448139e-04
2.7100000000e+02  1.7748188656e-04
2.7200000000e+02  1.7575000395e-04
2.7300000000e+02  1.7657986436e-04
2.7400000000e+02  1.7585824661e-04
2.7500000000e+02  1.7697675413e-04
2.7600000000e+02  1.7921376917e-04
2.7700000000e+02  1.7473973909e-04
2.7800000000e+02  1.7769837188e-04
2.7900000000e+02  1.9443990377e-04
2.8000000000e+02  1.9858920586e-04
2.8100000000e+02  1.9584705839e-04
2.8200000000e+02  1.9198640341e-04
2.8300000000e+02  1.9750677923e-04
2.8400000000e+02  1.9530584508e-04
2.8500000000e+02  1.9873352941e-04
2.8600000000e+02  1.9664083792e-04
2.8700000000e+02  1.9498111709e-04
2.8800000000e+02  1.9559449218e-04
2.8900000000e+02  1.9281626383e-04
2.9000000000e+02  1.9368220513e-04
2.9100000000e+02  2.0050149290e-04
2.9200000000e+02  1.9999636048e-04
2.9300000000e+02  2.0014068403e-04
2.9400000000e+02  2.0147567687e-04
2.9500000000e+02  2.3831426320e-04
2.9600000000e+02  2.4502530832e-04
2.9700000000e+02  2.4686543359e-04
2.9800000000e+02  2.4102032978e-04
2.9900000000e+02  2.3770088811e-04
3.0000000000e+02  2.4480882299e-04
3.0100000000e+02  2.4253572706e-04
3.0200000000e+02  2.4188627109e-04
3.0300000000e+02  2.3636589527e-04
3.0400000000e+02  2.3593292462e-04
3.0500000000e+02  2.3535563041e-04
3.0600000000e+02  2.3845858676e-04
3.0700000000e+02  2.3445360822e-04
3.0800000000e+02  2.3651021882e-04
3.0900000000e+02  2.3770088811e-04
3.1000000000e+02  2.3676278503e-04
3.1100000000e+02  2.3734007924e-04
3.1200000000e+02  2.3932452806e-04
3.1300000000e+02  2.3398455668e-04
3.1400000000e+02  2.3351550514e-04
3.1500000000e+02  2.3239699762e-04
3.1600000000e+02  2.2831985731e-04
3.1700000000e+02  2.2716526891e-04
3.1800000000e+02  2.3290213005e-04
3.1900000000e+02  2.3712359391e-04
3.2000000000e+02  2.3806169699e-04
3.2100000000e+02  2.3062903413e-04
3.2200000000e+02  2.3073727679e-04
3.2300000000e+02  2.2691270269e-04
3.2400000000e+02  2.3167537987e-04
3.2500000000e+02  2.2929404128e-04
3.2600000000e+02  2.3394847579e-04
3.2700000000e+02  2.2770648222e-04
3.2800000000e+02  2.3185578431e-04
3.2900000000e+02  2.3015998259e-04
3.3000000000e+02  2.2943836483e-04
3.3100000000e+02  2.2510865831e-04
3.3200000000e+02  2.2907755596e-04
3.3300000000e+02  2.2943836483e-04
3.3400000000e+02  2.3066511501e-04
3.3500000000e+02  2.3297429183e-04
3.3600000000e+02  2.4264396973e-04
3.3700000000e+02  2.4011830759e-04
3.3800000000e+02  2.3860291031e-04
3.3900000000e+02  2.4401504346e-04
3.4000000000e+02  2.3849466764e-04
3.4100000000e+02  2.3964925605e-04
3.4200000000e+02  2.3614940994e-04
3.4300000000e+02  2.4343774926e-04
3.4400000000e+02  2.3871115297e-04
3.4500000000e+02  2.3788129255e-04
3.4600000000e+02  2.3853074853e-04
3.4700000000e+02  2.3921628540e-04
3.4800000000e+02  2.4138113866e-04
3.4900000000e+02  2.4268005062e-04
3.5000000000e+02  2.4430369056e-04
3.5100000000e+02  2.5379296402e-04
3.5200000000e+02  3.2862472510e-04
3.5300000000e+02  3.1689843660e-04
3.5400000000e+02  3.1159454611e-04
3.5500000000e+02  3.1736748814e-04
3.5600000000e+02  3.0993482527e-04
3.5700000000e+02  3.1303778161e-04
3.5800000000e+02  3.0228567708e-04
3.5900000000e+02  3.0141973578e-04
3.6000000000e+02  2.9770340435e-04
3.6100000000e+02  2.9236343297e-04
3.6200000000e+02  3.0401755969e-04
3.6300000000e+02  3.0030122826e-04
3.6400000000e+02  2.9492517599e-04
3.6500000000e+02  2.9355410226e-04
3.6600000000e+02  2.9979609583e-04
3.6700000000e+02  2.9304896983e-04
3.6800000000e+02  2.8893574864e-04
3.6900000000e+02  2.8951304284e-04
3.7000000000e+02  2.8868318242e-04
3.7100000000e+02  2.9423963913e-04
3.7200000000e+02  2.9286856539e-04
3.7300000000e+02  2.9030682237e-04
3.7400000000e+02  2.9059546947e-04
3.7500000000e+02  2.9268816096e-04
3.7600000000e+02  2.9521382309e-04
3.7700000000e+02  2.9193046231e-04
3.7800000000e+02  2.8626576295e-04
3.7900000000e+02  2.8875534420e-04
3.8000000000e+02  2.8889966775e-04
3.8100000000e+02  2.8413699057e-04
3.8200000000e+02  2.8749251313e-04
3.8300000000e+02  2.9254383741e-04
3.8400000000e+02  2.8915223396e-04
3.8500000000e+02  2.9128100634e-04
3.8600000000e+02  2.8915223396e-04
3.8700000000e+02  2.8511117454e-04
3.8800000000e+02  2.8583279229e-04
3.8900000000e+02  2.8453388034e-04
3.9000000000e+02  2.8846669710e-04
3.9100000000e+02  2.8691521893e-04
3.9200000000e+02  2.7944647517e-04
3.9300000000e+02  2.8731210869e-04
3.9400000000e+02  2.8251335063e-04
3.9500000000e+02  2.8009593115e-04
3.9600000000e+02  2.8208037997e-04
3.9700000000e+02  2.8226078441e-04
3.9800000000e+02  2.8150308577e-04
3.9900000000e+02  2.8496685099e-04
4.0000000000e+02  2.8193605642e-04
4.0100000000e+02  2.7926607073e-04
4.0200000000e+02  2.7897742363e-04
4.0300000000e+02  2.8067322535e-04
4.0400000000e+02  2.8013201204e-04
4.0500000000e+02  2.7244678296e-04
4.0600000000e+02  2.7656000416e-04
4.0700000000e+02  2.7432298912e-04
4.0800000000e+02  2.7944647517e-04
4.0900000000e+02  2.7702905570e-04
4.1000000000e+02  2.7648784238e-04
4.1100000000e+02  2.7904958541e-04
4.1200000000e+02  2.7396218024e-04
4.1300000000e+02  2.7067881946e-04
4.1400000000e+02  2.7937431340e-04
4.1500000000e+02  2.7728162191e-04
4.1600000000e+02  2.7511676865e-04
4.1700000000e+02  2.7381785669e-04
4.1800000000e+02  2.6905517952e-04
4.1900000000e+02  2.7154476077e-04
4.2000000000e+02  2.7129219455e-04
4.2100000000e+02  2.8229686530e-04
4.2200000000e+02  2.7389001847e-04
4.2300000000e+02  2.6974071638e-04
4.2400000000e+02  2.7006544437e-04
4.2500000000e+02  2.7049841503e-04
4.2600000000e+02  2.6548317164e-04
4.2700000000e+02  2.6411209790e-04
4.2800000000e+02  2.7006544437e-04
4.2900000000e+02  2.7385393758e-04
4.3000000000e+02  2.6595222318e-04
4.3100000000e+02  2.6746762046e-04
4.3200000000e+02  2.6984895905e-04
4.3300000000e+02  2.6956031195e-04
4.3400000000e+02  2.6840572354e-04
4.3500000000e+02  2.6443682589e-04
4.3600000000e+02  2.6790059111e-04
4.3700000000e+02  2.6436466412e-04
4.3800000000e+02  2.7111179012e-04
4.3900000000e+02  2.6032360470e-04
4.4000000000e+02  2.6169467843e-04
4.4100000000e+02  2.6378736991e-04
4.4200000000e+02  2.6533884809e-04
4.4300000000e+02  2.6176684020e-04
4.4400000000e+02  2.6339048015e-04
4.4500000000e+02  2.6191116375e-04
4.4600000000e+02  2.5971022961e-04
4.4700000000e+02  2.5667943504e-04
4.4800000000e+02  2.6028752381e-04
4.4900000000e+02  2.6339048015e-04
4.5000000000e+02  2.6054009002e-04
4.5100000000e+02  2.5704024392e-04
4.5200000000e+02  2.6007103848e-04
4.5300000000e+02  2.6129778866e-04
4.5400000000e+02  2.6115346511e-04
4.5500000000e+02  2.5689592037e-04
4.5600000000e+02  2.5588565551e-04
4.5700000000e+02  2.5794226611e-04
4.5800000000e+02  2.4910244862e-04
4.5900000000e+02  2.5837523676e-04
4.6000000000e+02  2.5588565551e-04
4.6100000000e+02  2.6418425968e-04
4.6200000000e+02  2.5931333984e-04
4.6300000000e+02  2.5823091321e-04
4.6400000000e+02  2.5559700841e-04
4.6500000000e+02  2.5382904491e-04
4.6600000000e+02  2.5296310361e-04
4.6700000000e+02  2.5476714799e-04
4.6800000000e+02  2.5372080225e-04
4.6900000000e+02  2.5400944935e-04
4.7000000000e+02  2.5076216946e-04
4.7100000000e+02  2.5076216946e-04
4.7200000000e+02  2.5642686883e-04
4.7300000000e+02  2.4531395542e-04
4.7400000000e+02  2.5386512580e-04
4.7500000000e+02  2.4884988241e-04
4.7600000000e+02  2.4978798549e-04
4.7700000000e+02  2.4657678649e-04
4.7800000000e+02  2.4704583803e-04
4.7900000000e+02  2.5321566982e-04
4.8000000000e+02  2.4542219808e-04
4.8100000000e+02  2.5018487526e-04
4.8200000000e+02  2.4773137489e-04
4.8300000000e+02  2.4397896257e-04
4.8400000000e+02  2.4895812507e-04
4.8500000000e+02  2.4610773495e-04
4.8600000000e+02  2.4365423458e-04
4.8700000000e+02  2.4397896257e-04
4.8800000000e+02  2.4163370487e-04
4.8900000000e+02  2.4585516873e-04
4.9000000000e+02  2.4239140351e-04
4.9100000000e+02  2.4185019020e-04
4.9200000000e+02  2.4491706565e-04
4.9300000000e+02  2.4441193322e-04
4.9400000000e+02  2.4329342571e-04
4.9500000000e+02  2.4026263114e-04
4.9600000000e+02  2.4325734482e-04
4.9700000000e+02  2.4148938132e-04
4.9800000000e+02  2.4105641067e-04
4.9900000000e+02  2.3272172561e-04
5.0000000000e+02  2.4650462471e-04
5.0100000000e+02  2.4152546221e-04
5.0200000000e+02  2.3456185088e-04
5.0300000000e+02  2.3344334337e-04
5.0400000000e+02  2.3481441710e-04
5.0500000000e+02  2.3420104201e-04
5.0600000000e+02  2.3510306420e-04
5.0700000000e+02  2.3160321809e-04
5.0800000000e+02  2.3459793177e-04
5.0900000000e+02  2.3369590958e-04
5.1000000000e+02  2.3355158603e-04
5.1100000000e+02  2.3124240922e-04
5.1200000000e+02  2.3109808567e-04
5.1300000000e+02  2.3452577000e-04
5.1400000000e+02  2.2961876927e-04
5.1500000000e+02  2.2951052661e-04
5.1600000000e+02  2.2756215867e-04
5.1700000000e+02  2.2821161465e-04
5.1800000000e+02  2.2738175423e-04
5.1900000000e+02  2.3207226963e-04
5.2000000000e+02  2.2846418086e-04
5.2100000000e+02  2.2424271700e-04
5.2200000000e+02  2.2730959246e-04
5.2300000000e+02  2.2254691528e-04
5.2400000000e+02  2.2583027606e-04
5.2500000000e+02  2.2326853304e-04
5.2600000000e+02  2.2860850442e-04
5.2700000000e+02  2.2666013648e-04
5.2800000000e+02  2.1929963539e-04
5.2900000000e+02  2.2308812860e-04
5.3000000000e+02  2.2395406990e-04
5.3100000000e+02  2.2063462824e-04
5.3200000000e+02  2.2146448865e-04
5.3300000000e+02  2.1753167189e-04
5.3400000000e+02  2.1883058385e-04
5.3500000000e+02  2.1832545142e-04
5.3600000000e+02  2.1706262035e-04
5.3700000000e+02  2.1933571628e-04
5.3800000000e+02  2.1457303910e-04
5.3900000000e+02  2.1778423811e-04
5.4000000000e+02  2.1688221592e-04
5.4100000000e+02  2.1922747362e-04
5.4200000000e+02  2.1915531184e-04
5.4300000000e+02  2.1836153231e-04
5.4400000000e+02  2.1139792099e-04
5.4500000000e+02  2.1450087733e-04
5.4600000000e+02  2.1219170052e-04
5.4700000000e+02  2.1428439200e-04
5.4800000000e+02  2.1161440631e-04
5.4900000000e+02  2.1406790668e-04
5.5000000000e+02  2.1410398756e-04
5.5100000000e+02  2.0959387660e-04
5.5200000000e+02  2.0894442062e-04
5.5300000000e+02  2.1071238412e-04
5.5400000000e+02  2.0750118512e-04
5.5500000000e+02  2.0645483937e-04
5.5600000000e+02  2.0728469979e-04
5.5700000000e+02  2.0522808919e-04
5.5800000000e+02  2.0428998611e-04
5.5900000000e+02  2.0688781002e-04
5.6000000000e+02  1.9303274915e-04
5.6100000000e+02  2.0695997180e-04
5.6200000000e+02  1.9880569118e-04
5.6300000000e+02  2.0732078068e-04
5.6400000000e+02  2.0706821446e-04
5.6500000000e+02  2.0432606700e-04
5.6600000000e+02  1.9970771337e-04
5.6700000000e+02  2.0230553729e-04
5.6800000000e+02  2.0075405912e-04
5.6900000000e+02  2.0537241274e-04
5.7000000000e+02  1.9779542633e-04
5.7100000000e+02  1.9931082361e-04
5.7200000000e+02  1.9501719797e-04
5.7300000000e+02  1.9415125667e-04
5.7400000000e+02  1.9187816075e-04
5.7500000000e+02  1.9563057307e-04
5.7600000000e+02  1.9674908058e-04
5.7700000000e+02  1.9577489662e-04
5.7800000000e+02  1.9613570549e-04
5.7900000000e+02  1.9180599897e-04
5.8000000000e+02  1.9400693312e-04
5.8100000000e+02  1.9158951364e-04
5.8200000000e+02  1.9411517578e-04
5.8300000000e+02  1.9321315359e-04
5.8400000000e+02  1.9003803547e-04
5.8500000000e+02  1.8751237333e-04
5.8600000000e+02  1.8664643203e-04
5.8700000000e+02  1.8852263819e-04
5.8800000000e+02  1.8798142487e-04
5.8900000000e+02  1.8974938837e-04
5.9000000000e+02  1.9166167542e-04
5.9100000000e+02  1.8855871908e-04
5.9200000000e+02  1.8213632107e-04
5.9300000000e+02  1.7953849715e-04
5.9400000000e+02  1.8184767397e-04
5.9500000000e+02  1.8545576274e-04
5.9600000000e+02  1.8256929172e-04
5.9700000000e+02  1.8199199752e-04
5.9800000000e+02  1.7567784217e-04
5.9900000000e+02  1.8545576274e-04
6.0000000000e+02  1.8112605621e-04
6.0100000000e+02  1.8029619580e-04
6.0200000000e+02  1.7950241627e-04
6.0300000000e+02  1.8285793882e-04
6.0400000000e+02  1.7798701898e-04
6.0500000000e+02  1.7722932034e-04
6.0600000000e+02  1.7816742342e-04
6.0700000000e+02  1.7852823230e-04
6.0800000000e+02  1.7766229099e-04
6.0900000000e+02  1.7329650358e-04
6.1000000000e+02  1.7427068755e-04
6.1100000000e+02  1.7329650358e-04
6.1200000000e+02  1.7506446708e-04
6.1300000000e+02  1.7250272405e-04
6.1400000000e+02  1.7008530458e-04
6.1500000000e+02  1.6781220865e-04
6.1600000000e+02  1.6535870829e-04
6.1700000000e+02  1.7354906980e-04
6.1800000000e+02  1.6795653221e-04
6.1900000000e+02  1.7091516500e-04
6.2000000000e+02  1.6470925231e-04
6.2100000000e+02  1.6290520793e-04
6.2200000000e+02  1.6185886219e-04
6.2300000000e+02  1.6564735539e-04
6.2400000000e+02  1.6564735539e-04
6.2500000000e+02  1.6326601681e-04
6.2600000000e+02  1.5929711916e-04
6.2700000000e+02  1.6633289226e-04
6.2800000000e+02  1.6344642124e-04
6.2900000000e+02  1.6268872260e-04
6.3000000000e+02  1.5788996454e-04
6.3100000000e+02  1.6081251644e-04
6.3200000000e+02  1.6330209769e-04
6.3300000000e+02  1.5936928093e-04
6.3400000000e+02  1.5706010412e-04
6.3500000000e+02  1.5915279561e-04
6.3600000000e+02  1.5868374407e-04
6.3700000000e+02  1.5702402323e-04
6.3800000000e+02  1.5507565530e-04
6.3900000000e+02  1.5597767749e-04
6.4000000000e+02  1.5356025802e-04
6.4100000000e+02  1.5269431671e-04
6.4200000000e+02  1.5352417713e-04
6.4300000000e+02  1.5251391227e-04
6.4400000000e+02  1.5226134606e-04
6.4500000000e+02  1.4901406617e-04
6.4600000000e+02  1.5215310340e-04
6.4700000000e+02  1.4894190439e-04
6.4800000000e+02  1.4991608836e-04
6.4900000000e+02  1.5052946345e-04
6.5000000000e+02  1.4785947776e-04
6.5100000000e+02  1.4677705113e-04
6.5200000000e+02  1.4490084497e-04
6.5300000000e+02  1.4822028664e-04
6.5400000000e+02  1.4702961734e-04
6.5500000000e+02  1.4533381562e-04
6.5600000000e+02  1.3974127803e-04
6.5700000000e+02  1.4313288147e-04
6.5800000000e+02  1.3952479270e-04
6.5900000000e+02  1.4670488935e-04
6.6000000000e+02  1.4215869751e-04
6.6100000000e+02  1.4392666100e-04
6.6200000000e+02  1.3873101318e-04
6.6300000000e+02  1.3757642477e-04
6.6400000000e+02  1.3992168247e-04
6.6500000000e+02  1.3602494660e-04
6.6600000000e+02  1.3837020430e-04
6.6700000000e+02  1.3573629950e-04
6.6800000000e+02  1.4013816780e-04
6.6900000000e+02  1.3699913057e-04
6.7000000000e+02  1.3764858654e-04
6.7100000000e+02  1.3472603464e-04
6.7200000000e+02  1.3306631381e-04
6.7300000000e+02  1.3440130665e-04
6.7400000000e+02  1.2931390149e-04
6.7500000000e+02  1.3043240901e-04
6.7600000000e+02  1.3090146055e-04
6.7700000000e+02  1.2761809977e-04
6.7800000000e+02  1.3201996806e-04
6.7900000000e+02  1.2971079125e-04
6.8000000000e+02  1.3173132096e-04
6.8100000000e+02  1.2476770964e-04
6.8200000000e+02  1.2844796018e-04
6.8300000000e+02  1.2960254859e-04
6.8400000000e+02  1.2299974614e-04
6.8500000000e+02  1.2693256290e-04
6.8600000000e+02  1.2624702603e-04
6.8700000000e+02  1.2260285638e-04
6.8800000000e+02  1.2455122431e-04
6.8900000000e+02  1.2152042975e-04
6.9000000000e+02  1.2339663591e-04
6.9100000000e+02  1.1935557648e-04
6.9200000000e+02  1.2159259152e-04
6.9300000000e+02  1.2559757006e-04
6.9400000000e+02  1.1986070891e-04
6.9500000000e+02  1.1899476761e-04
6.9600000000e+02  1.2137610620e-04
6.9700000000e+02  1.1845355429e-04
6.9800000000e+02  1.1823706897e-04
6.9900000000e+02  1.1650518636e-04
7.0000000000e+02  1.1701031878e-04
7.0100000000e+02  1.1156210474e-04
7.0200000000e+02  1.1520627440e-04
7.0300000000e+02  1.1466506108e-04
7.0400000000e+02  1.1163426652e-04
7.0500000000e+02  1.1462898020e-04
7.0600000000e+02  1.1076832521e-04
7.0700000000e+02  1.1264453137e-04
7.0800000000e+02  1.0990238391e-04
7.0900000000e+02  1.1369087712e-04
7.1000000000e+02  1.0928900882e-04
7.1100000000e+02  1.0983022213e-04
7.1200000000e+02  1.0777361154e-04
7.1300000000e+02  1.0806225864e-04
7.1400000000e+02  1.0892819994e-04
7.1500000000e+02  1.0636645692e-04
7.1600000000e+02  1.0275836815e-04
7.1700000000e+02  1.0741280266e-04
7.1800000000e+02  1.0380471389e-04
7.1900000000e+02  1.0286661081e-04
7.2000000000e+02  1.0492322141e-04
7.2100000000e+02  1.0398511833e-04
7.2200000000e+02  9.8681227837e-05
7.2300000000e+02  1.0127905175e-04
7.2400000000e+02  1.0113472820e-04
7.2500000000e+02  9.8861632276e-05
7.2600000000e+02  9.5866918597e-05
7.2700000000e+02  9.5037058180e-05
7.2800000000e+02  9.7346234993e-05
7.2900000000e+02  9.8825551388e-05
7.3000000000e+02  9.5794756822e-05
7.3100000000e+02  9.4062874213e-05
7.3200000000e+02  9.3954631550e-05
7.3300000000e+02  9.7598801206e-05
7.3400000000e+02  9.3377337346e-05
7.3500000000e+02  9.4640168416e-05
7.3600000000e+02  9.2655719593e-05
7.3700000000e+02  9.5830837709e-05
7.3800000000e+02  9.2872204919e-05
7.3900000000e+02  9.3521660897e-05
7.4000000000e+02  9.1320726748e-05
7.4100000000e+02  9.0130057454e-05
7.4200000000e+02  9.1356807636e-05
7.4300000000e+02  8.8686821947e-05
7.4400000000e+02  9.2800043143e-05
7.4500000000e+02  8.8253851294e-05
7.4600000000e+02  8.1362401745e-05
7.4700000000e+02  8.8145608631e-05
7.4800000000e+02  8.3599416782e-05
7.4900000000e+02  8.6738454011e-05
7.5000000000e+02  8.4754005188e-05
7.5100000000e+02  8.2264423937e-05
7.5200000000e+02  8.3094284354e-05
7.5300000000e+02  8.1867534173e-05
7.5400000000e+02  7.9558357360e-05
7.5500000000e+02  8.4826166963e-05
7.5600000000e+02  8.1470644408e-05
7.5700000000e+02  8.0749026654e-05
7.5800000000e+02  7.8187283628e-05
7.5900000000e+02  7.7177018773e-05
7.6000000000e+02  7.9125386708e-05
7.6100000000e+02  7.8042960077e-05
7.6200000000e+02  7.9377952922e-05
7.6300000000e+02  7.8692416056e-05
7.6400000000e+02  7.6888371671e-05
7.6500000000e+02  7.4543113971e-05
7.6600000000e+02  7.6816209896e-05
7.6700000000e+02  7.8620254280e-05
7.6800000000e+02  7.3280282902e-05
7.6900000000e+02  7.6924452559e-05
7.7000000000e+02  7.5336893501e-05
7.7100000000e+02  7.6419320131e-05
7.7200000000e+02  7.4182305094e-05
7.7300000000e+02  7.1512319405e-05
7.7400000000e+02  7.2919474025e-05
7.7500000000e+02  6.9888679459e-05
7.7600000000e+02  7.1007186978e-05
7.7700000000e+02  7.1007186978e-05
7.7800000000e+02  6.7795987973e-05
7.7900000000e+02  6.6605318679e-05
7.8000000000e+02  6.8950576379e-05
7.8100000000e+02  6.7543421759e-05
7.8200000000e+02  6.6930046668e-05
7.8300000000e+02  6.7795987973e-05
7.8400000000e+02  6.4332222755e-05
7.8500000000e+02  6.5703296487e-05
7.8600000000e+02  6.2816825471e-05
7.8700000000e+02  6.2816825471e-05
7.8800000000e+02  6.0038597119e-05
7.8900000000e+02  5.9389141141e-05
7.9000000000e+02  6.0904538424e-05
7.9100000000e+02  6.1517913515e-05
7.9200000000e+02  6.1662237065e-05
7.9300000000e+02  6.0219001558e-05
7.9400000000e+02  5.9172655815e-05
7.9500000000e+02  5.9136574927e-05
7.9600000000e+02  5.7585096756e-05
7.9700000000e+02  5.9461302916e-05
7.9800000000e+02  5.9461302916e-05
7.9900000000e+02  5.5095515505e-05
8.0000000000e+02  5.9208736702e-05
8.0100000000e+02  5.3977007987e-05
8.0200000000e+02  5.4951191955e-05
8.0300000000e+02  5.5131596393e-05
8.0400000000e+02  5.5528486158e-05
8.0500000000e+02  5.2353368041e-05
8.0600000000e+02  5.6358346575e-05
8.0700000000e+02  5.4157412425e-05
8.0800000000e+02  5.0441080993e-05
8.0900000000e+02  5.1415264961e-05
8.1000000000e+02  5.0044191229e-05
8.1100000000e+02  4.9142169036e-05
8.1200000000e+02  5.1667831175e-05
8.1300000000e+02  4.8023661518e-05
8.1400000000e+02  4.8961764598e-05
8.1500000000e+02  4.9683382352e-05
8.1600000000e+02  4.8384470395e-05
8.1700000000e+02  4.6688668673e-05
8.1800000000e+02  4.7879337967e-05
8.1900000000e+02  4.7302043764e-05
8.2000000000e+02  4.6327859796e-05
8.2100000000e+02  4.7735014416e-05
8.2200000000e+02  4.7193801101e-05
8.2300000000e+02  4.8095823293e-05
8.2400000000e+02  4.5967050919e-05
8.2500000000e+02  4.3116660792e-05
8.2600000000e+02  4.3982602096e-05
8.2700000000e+02  4.3982602096e-05
8.2800000000e+02  4.4163006535e-05
8.2900000000e+02  4.2034234161e-05
8.3000000000e+02  4.7338124652e-05
8.3100000000e+02  4.5245433166e-05
8.3200000000e+02  4.2142476824e-05
8.3300000000e+02  4.1601263509e-05
8.3400000000e+02  4.0771403092e-05
8.3500000000e+02  4.0590998653e-05
8.3600000000e+02  4.2395043038e-05
8.3700000000e+02  4.2900175466e-05
8.3800000000e+02  4.0987888418e-05
8.3900000000e+02  4.6436102459e-05
8.4000000000e+02  4.3730035882e-05
8.4100000000e+02  4.3477469669e-05
8.4200000000e+02  4.2972337241e-05
8.4300000000e+02  4.2828013690e-05
8.4400000000e+02  4.1493020846e-05
8.4500000000e+02  4.0699241316e-05
8.4600000000e+02  3.9039520483e-05
8.4700000000e+02  3.8281821841e-05
8.4800000000e+02  3.9833300012e-05
8.4900000000e+02  3.7163314323e-05
8.5000000000e+02  3.8642630718e-05
8.5100000000e+02  3.6802505446e-05
8.5200000000e+02  3.8209660066e-05
8.5300000000e+02  3.4601571296e-05
8.5400000000e+02  3.5323189050e-05
8.5500000000e+02  3.4132519756e-05
8.5600000000e+02  3.4457247746e-05
8.5700000000e+02  3.3338740227e-05
8.5800000000e+02  3.3663468216e-05
8.5900000000e+02  3.4709813960e-05
8.6000000000e+02  3.2869688687e-05
8.6100000000e+02  3.1137806078e-05
8.6200000000e+02  3.1390372292e-05
8.6300000000e+02  2.8395658613e-05
8.6400000000e+02  3.1751181169e-05
8.6500000000e+02  2.9730651458e-05
8.6600000000e+02  3.0344026549e-05
8.6700000000e+02  3.0163622110e-05
8.6800000000e+02  2.9874975009e-05
8.6900000000e+02  2.8900791041e-05
8.7000000000e+02  2.6447290678e-05
8.7100000000e+02  2.6699856892e-05
8.7200000000e+02  2.7313231983e-05
8.7300000000e+02  2.6014320026e-05
8.7400000000e+02  2.7637959972e-05
8.7500000000e+02  2.5978239138e-05
8.7600000000e+02  2.5581349374e-05
8.7700000000e+02  2.3669062326e-05
8.7800000000e+02  2.5256621384e-05
8.7900000000e+02  2.3488657887e-05
8.8000000000e+02  2.4246356529e-05
8.8100000000e+02  2.2803121021e-05
8.8200000000e+02  2.4029871203e-05
8.8300000000e+02  2.3091768123e-05
8.8400000000e+02  2.2983525460e-05
8.8500000000e+02  2.1251642850e-05
8.8600000000e+02  2.0999076637e-05
8.8700000000e+02  2.1215561963e-05
8.8800000000e+02  2.1287723738e-05
8.8900000000e+02  2.0710429535e-05
8.9000000000e+02  2.1071238412e-05
8.9100000000e+02  1.9303274915e-05
8.9200000000e+02  1.9628002904e-05
8.9300000000e+02  1.9736245567e-05
8.9400000000e+02  1.8148686509e-05
8.9500000000e+02  1.7679634969e-05
8.9600000000e+02  1.7499230531e-05
8.9700000000e+02  1.7932201183e-05
8.9800000000e+02  1.8112605621e-05
8.9900000000e+02  1.6488965675e-05
9.0000000000e+02  1.6994098103e-05
9.0100000000e+02  1.7102340766e-05
9.0200000000e+02  1.6164237686e-05
9.0300000000e+02  1.5875590584e-05
9.0400000000e+02  1.6813693664e-05
9.0500000000e+02  1.5117891943e-05
9.0600000000e+02  1.4793163954e-05
9.0700000000e+02  1.4684921291e-05
9.0800000000e+02  1.5009649280e-05
9.0900000000e+02  1.4215869751e-05
9.1000000000e+02  1.4721002178e-05
9.1100000000e+02  1.4143707975e-05
9.1200000000e+02  1.4829244841e-05
9.1300000000e+02  1.3241685783e-05
9.1400000000e+02  1.2520068029e-05
9.1500000000e+02  1.1293317848e-05
9.1600000000e+02  1.2123178264e-05
9.1700000000e+02  1.3133443120e-05
9.1800000000e+02  1.1870612051e-05
9.1900000000e+02  1.2087097377e-05
9.2000000000e+02  1.2051016489e-05
9.2100000000e+02  1.1076832521e-05
9.2200000000e+02  1.0102648554e-05
9.2300000000e+02  1.0246972104e-05
9.2400000000e+02  1.0679942757e-05
9.2500000000e+02  9.6335970137e-06
9.2600000000e+02  8.7315748214e-06
9.2700000000e+02  1.0463457431e-05
9.2800000000e+02  9.4892734630e-06
9.2900000000e+02  9.7057587891e-06
9.3000000000e+02  8.0821188430e-06
9.3100000000e+02  9.9583250029e-06
9.3200000000e+02  7.7934717414e-06
9.3300000000e+02  8.8398174845e-06
9.3400000000e+02  9.0923836983e-06
9.3500000000e+02  8.1542806184e-06
9.3600000000e+02  8.3707659445e-06
9.3700000000e+02  7.2883393137e-06
9.3800000000e+02  7.1440157630e-06
9.3900000000e+02  7.5409055276e-06
9.4000000000e+02  7.5048246399e-06
9.4100000000e+02  7.1800966507e-06
9.4200000000e+02  6.6388833353e-06
9.4300000000e+02  6.6749642230e-06
9.4400000000e+02  6.1337509076e-06
9.4500000000e+02  5.7729420307e-06
9.4600000000e+02  6.4223980091e-06
9.4700000000e+02  6.5306406722e-06
9.4800000000e+02  5.6646993676e-06
9.4900000000e+02  6.3502362338e-06
9.5000000000e+02  5.9894273568e-06
9.5100000000e+02  5.0874051645e-06
9.5200000000e+02  5.1956478276e-06
9.5300000000e+02  4.6183536246e-06
9.5400000000e+02  5.3038904907e-06
9.5500000000e+02  5.1595669399e-06
9.5600000000e+02  4.2936256353e-06
9.5700000000e+02  4.7987580630e-06
9.5800000000e+02  4.3657874107e-06
9.5900000000e+02  4.7626771753e-06
9.6000000000e+02  5.0874051645e-06
9.6100000000e+02  4.2214638599e-06
9.6200000000e+02  3.5359269938e-06
9.6300000000e+02  3.5359269938e-06
9.6400000000e+02  2.8864710153e-06
9.6500000000e+02  2.7421474646e-06
9.6600000000e+02  3.2833607800e-06
9.6700000000e+02  3.6080887692e-06
9.6800000000e+02  3.5359269938e-06
9.6900000000e+02  2.8143092400e-06
9.7000000000e+02  2.7060665769e-06
9.7100000000e+02  2.6339048015e-06
9.7200000000e+02  2.3091768123e-06
9.7300000000e+02  2.7782283523e-06
9.7400000000e+02  2.3813385877e-06
9.7500000000e+02  2.4535003630e-06
9.7600000000e+02  2.2730959246e-06
9.7700000000e+02  2.0566105984e-06
9.7800000000e+02  2.0566105984e-06
9.7900000000e+02  1.6958017215e-06
9.8000000000e+02  1.9483679354e-06
9.8100000000e+02  2.1648532615e-06
9.8200000000e+02  1.5875590584e-06
9.8300000000e+02  1.7679634969e-06
9.8400000000e+02  1.6236399461e-06
9.8500000000e+02  1.1185075184e-06
9.8600000000e+02  1.5153972831e-06
9.8700000000e+02  1.1185075184e-06
9.8800000000e+02  1.4432355077e-06
9.8900000000e+02  1.4071546200e-06
9.9000000000e+02  9.0202219230e-07
9.9100000000e+02  1.4071546200e-06
9.9200000000e+02  9.3810307999e-07
9.9300000000e+02  7.5769864153e-07
9.9400000000e+02  6.8553686614e-07
9.9500000000e+02  5.4121331538e-07
9.9600000000e+02  7.5769864153e-07
9.9700000000e+02  5.4121331538e-07
9.9800000000e+02  5.0513242769e-07
9.9900000000e+02  6.4945597845e-07
1.0000000000e+03  5.0513242769e-07
1.0010000000e+03  6.1337509076e-07
1.0020000000e+03  2.5256621384e-07
1.0030000000e+03  1.8040443846e-07
1.0040000000e+03  2.1648532615e-07
1.0050000000e+03  2.8864710153e-07
1.0060000000e+03  1.4432355077e-07
1.0070000000e+03  7.2161775384e-08
1.0080000000e+03  1.0824266308e-07
1.0090000000e+03  1.0824266308e-07
1.0100000000e+03  1.8040443846e-07
1.0110000000e+03  1.4432355077e-07
1.0120000000e+03  3.6080887692e-08
1.0130000000e+03  1.0824266308e-07
1.0140000000e+03  1.4432355077e-07
1.0150000000e+03  1.0824266308e-07
1.0160000000e+03  0.0000000000e+00
1.0170000000e+03  0.0000000000e+00
1.0180000000e+03  0.0000000000e+00
1.0190000000e+03  3.6080887692e-08
1.0200000000e+03  0.0000000000e+00
1.0210000000e+03  0.0000000000e+00
1.0220000000e+03  0.0000000000e+00
1.0230000000e+03  0.0000000000e+00
1.0240000000e+03  0.0000000000e+00
1.0250000000e+03  0.0000000000e+00
1.0260000000e+03  0.0000000000e+00
1.0270000000e+03  0.0000000000e+00
1.0280000000e+03  0.0000000000e+00
1.0290000000e+03  0.0000000000e+00
1.0300000000e+03  0.0000000000e+00
1.0310000000e+03  0.0000000000e+00
1.0320000000e+03  0.0000000000e+00
1.0330000000e+03  0.0000000000e+00
1.0340000000e+03  0.0000000000e+00
1.0350000000e+03  0.0000000000e+00
1.0360000000e+03  0.0000000000e+00
1.0370000000e+03  0.0000000000e+00
1.0380000000e+03  0.0000000000e+00
1.0390000000e+03  0.0000000000e+00
1.0400000000e+03  0.0000000000e+00
1.0410000000e+03  0.0000000000e+00
1.0420000000e+03  0.0000000000e+00
1.0430000000e+03  0.0000000000e+00
1.0440000000e+03  0.0000000000e+00
1.0450000000e+03  0.0000000000e+00
1.0460000000e+03  0.0000000000e+00
1.0470000000e+03  0.0000000000e+00
1.0480000000e+03  0.0000000000e+00
1.0490000000e+03  0.0000000000e+00
1.0500000000e+03  0.0000000000e+00
1.0510000000e+03  0.0000000000e+00
1.0520000000e+03  0.0000000000e+00
1.0530000000e+03  0.0000000000e+00
1.0540000000e+03  0.0000000000e+00
1.0550000000e+03  0.0000000000e+00
1.0560000000e+03  0.0000000000e+00
1.0570000000e+03  0.0000000000e+00
1.0580000000e+03  0.0000000000e+00
1.0590000000e+03  0.0000000000e+00
1.0600000000e+03  0.0000000000e+00
1.0610000000e+03  0.0000000000e+00
1.0620000000e+03  0.0000000000e+00
1.0630000000e+03  0.0000000000e+00
1.0640000000e+03  0.0000000000e+00
1.0650000000e+03  0.0000000000e+00
1.0660000000e+03  0.0000000000e+00
1.0670000000e+03  0.0000000000e+00
1.0680000000e+03  0.0000000000e+00
1.0690000000e+03  0.0000000000e+00
1.0700000000e+03  0.0000000000e+00
1.0710000000e+03  0.0000000000e+00
1.0720000000e+03  0.0000000000e+00
1.0730000000e+03  0.0000000000e+00
1.0740000000e+03  0.0000000000e+00
1.0750000000e+03  0.0000000000e+00
1.0760000000e+03  0.0000000000e+00
1.0770000000e+03  0.0000000000e+00
1.0780000000e+03  0.0000000000e+00
1.0790000000e+03  0.0000000000e+00
1.0800000000e+03  0.0000000000e+00
1.0810000000e+03  0.0000000000e+00
1.0820000000e+03  0.0000000000e+00
1.0830000000e+03  0.0000000000e+00
1.0840000000e+03  0.0000000000e+00
1.0850000000e+03  0.0000000000e+00
1.0860000000e+03  0.0000000000e+00
1.0870000000e+03  0.0000000000e+00
1.0880000000e+03  0.0000000000e+00
1.0890000000e+03  0.0000000000e+00
1.0900000000e+03  0.0000000000e+00
1.0910000000e+03  0.0000000000e+00
1.0920000000e+03  0.0000000000e+00
1.0930000000e+03  0.0000000000e+00
1.0940000000e+03  0.0000000000e+00
1.0950000000e+03  0.0000000000e+00
1.0960000000e+03  0.0000000000e+00
1.0970000000e+03  0.0000000000e+00
1.0980000000e+03  0.0000000000e+00
1.0990000000e+03  0.0000000000e+00
1.1000000000e+03  0.0000000000e+00
1.1010000000e+03  0.0000000000e+00
1.1020000000e+03  0.0000000000e+00
1.1030000000e+03  0.0000000000e+00
1.1040000000e+03  0.0000000000e+00
1.1050000000e+03  0.0000000000e+00
1.1060000000e+03  0.0000000000e+00
1.1070000000e+03  0.0000000000e+00
1.1080000000e+03  0.0000000000e+00
1.1090000000e+03  0.0000000000e+00
1.1100000000e+03  0.0000000000e+00
1.1110000000e+03  0.0000000000e+00
1.1120000000e+03  0.0000000000e+00
1.1130000000e+03  0.0000000000e+00
1.1140000000e+03  0.0000000000e+00
1.1150000000e+03  0.0000000000e+00
1.1160000000e+03  0.0000000000e+00
1.1170000000e+03  0.0000000000e+00
1.1180000000e+03  0.0000000000e+00
1.1190000000e+03  0.0000000000e+00
1.1200000000e+03  0.0000000000e+00
1.1210000000e+03  0.0000000000e+00
1.1220000000e+03  0.0000000000e+00
1.1230000000e+03  0.0000000000e+00
1.1240000000e+03  0.0000000000e+00
1.1250000000e+03  0.0000000000e+00
1.1260000000e+03  0.0000000000e+00
1.1270000000e+03  0.0000000000e+00
1.1280000000e+03  0.0000000000e+00
1.1290000000e+03  0.0000000000e+00
1.1300000000e+03  0.0000000000e+00
1.1310000000e+03  0.0000000000e+00
1.1320000000e+03  0.0000000000e+00
1.1330000000e+03  0.0000000000e+00
1.1340000000e+03  0.0000000000e+00
1.1350000000e+03  0.0000000000e+00
1.1360000000e+03  0.0000000000e+00
1.1370000000e+03  0.0000000000e+00
1.1380000000e+03  0.0000000000e+00
1.1390000000e+03  0.0000000000e+00
1.1400000000e+03  0.0000000000e+00
1.1410000000e+03  0.0000000000e+00
1.1420000000e+03  0.0000000000e+00
1.1430000000e+03  0.0000000000e+00
1.1440000000e+03  0.0000000000e+00
1.1450000000e+03  0.0000000000e+00
1.1460000000e+03  0.0000000000e+00
1.1470000000e+03  0.0000000000e+00
1.1480000000e+03  0.0000000000e+00
1.1490000000e+03  0.0000000000e+00
1.1500000000e+03  0.0000000000e+00
1.1510000000e+03  0.0000000000e+00
1.1520000000e+03  0.0000000000e+00
1.1530000000e+03  0.0000000000e+00
1.1540000000e+03  0.0000000000e+00
1.1550000000e+03  0.0000000000e+00
1.1560000000e+03  0.0000000000e+00
1.1570000000e+03  0.0000000000e+00
1.1580000000e+03  0.0000000000e+00
1.1590000000e+03  0.0000000000e+00
1.1600000000e+03  0.0000000000e+00
1.1610000000e+03  0.0000000000e+00
1.1620000000e+03  0.0000000000e+00
1.1630000000e+03  0.0000000000e+00
1.1640000000e+03  0.0000000000e+00
1.1650000000e+03  0.0000000000e+00
1.1660000000e+03  0.0000000000e+00
1.1670000000e+03  0.0000000000e+00
1.1680000000e+03  0.0000000000e+00
1.1690000000e+03  0.0000000000e+00
1.1700000000e+03  0.0000000000e+00
1.1710000000e+03  0.0000000000e+00
1.1720000000e+03  0.0000000000e+00
1.1730000000e+03  0.0000000000e+00
1.1740000000e+03  0.0000000000e+00
1.1750000000e+03  0.0000000000e+00
1.1760000000e+03  0.0000000000e+00
1.1770000000e+03  0.0000000000e+00
1.1780000000e+03  0.0000000000e+00
1.1790000000e+03  0.0000000000e+00
1.1800000000e+03  0.0000000000e+00
1.1810000000e+03  0.0000000000e+00
1.1820000000e+03  0.0000000000e+00
1.1830000000e+03  0.0000000000e+00
1.1840000000e+03  0.0000000000e+00
1.1850000000e+03  0.0000000000e+00
1.1860000000e+03  0.0000000000e+00
1.1870000000e+03  0.0000000000e+00
1.1880000000e+03  0.0000000000e+00
1.1890000000e+03  0.0000000000e+00
1.1900000000e+03  0.0000000000e+00
1.1910000000e+03  0.0000000000e+00
1.1920000000e+03  0.0000000000e+00
1.1930000000e+03  0.0000000000e+00
1.1940000000e+03  0.0000000000e+00
1.1950000000e+03  0.0000000000e+00
1.1960000000e+03  0.0000000000e+00
1.1970000000e+03  0.0000000000e+00
1.1980000000e+03  0.0000000000e+00
1.1990000000e+03  0.0000000000e+00
1.2000000000e+03  0.0000000000e+00
1.2010000000e+03  0.0000000000e+00
1.2020000000e+03  0.0000000000e+00
1.2030000000e+03  0.0000000000e+00
1.2040000000e+03  0.0000000000e+00
1.2050000000e+03  0.0000000000e+00
1.2060000000e+03  0.0000000000e+00
1.2070000000e+03  0.0000000000e+00
1.2080000000e+03  0.0000000000e+00
1.2090000000e+03  0.0000000000e+00
1.2100000000e+03  0.0000000000e+00
1.2110000000e+03  0.0000000000e+00
1.2120000000e+03  0.0000000000e+00
1.2130000000e+03  0.0000000000e+00
1.2140000000e+03  0.0000000000e+00
1.2150000000e+03  0.0000000000e+00
1.2160000000e+03  0.0000000000e+00
1.2170000000e+03  0.0000000000e+00
1.2180000000e+03  0.0000000000e+00
1.2190000000e+03  0.0000000000e+00
1.2200000000e+03  0.0000000000e+00
1.2210000000e+03  0.0000000000e+00
1.2220000000e+03  0.0000000000e+00
1.2230000000e+03  0.0000000000e+00
1.2240000000e+03  0.0000000000e+00
1.2250000000e+03  0.0000000000e+00
1.2260000000e+03  0.0000000000e+00
1.2270000000e+03  0.0000000000e+00
1.2280000000e+03  0.0000000000e+00
1.2290000000e+03  0.0000000000e+00
1.2300000000e+03  0.0000000000e+00
1.2310000000e+03  0.0000000000e+00
1.2320000000e+03  0.0000000000e+00
1.2330000000e+03  0.0000000000e+00
1.2340000000e+03  0.0000000000e+00
1.2350000000e+03  0.0000000000e+00
1.2360000000e+03  0.0000000000e+00
1.2370000000e+03  0.0000000000e+00
1.2380000000e+03  0.0000000000e+00
1.2390000000e+03  0.0000000000e+00
1.2400000000e+03  0.0000000000e+00
1.2410000000e+03  0.0000000000e+00
1.2420000000e+03  0.0000000000e+00
1.2430000000e+03  0.0000000000e+00
1.2440000000e+03  0.0000000000e+00
1.2450000000e+03  0.0000000000e+00
1.2460000000e+03  0.0000000000e+00
1.2470000000e+03  0.0000000000e+00
1.2480000000e+03  0.0000000000e+00
1.2490000000e+03  0.0000000000e+00
1.2500000000e+03  0.0000000000e+00
1.2510000000e+03  0.0000000000e+00
1.2520000000e+03  0.0000000000e+00
1.2530000000e+03  0.0000000000e+00
1.2540000000e+03  0.0000000000e+00
1.2550000000e+03  0.0000000000e+00
1.2560000000e+03  0.0000000000e+00
1.2570000000e+03  0.0000000000e+00
1.2580000000e+03  0.0000000000e+00
1.2590000000e+03  0.0000000000e+00
1.2600000000e+03  0.0000000000e+00
1.2610000000e+03  0.0000000000e+00
1.2620000000e+03  0.0000000000e+00
1.2630000000e+03  0.0000000000e+00
1.2640000000e+03  0.0000000000e+00
1.2650000000e+03  0.0000000000e+00
1.2660000000e+03  0.0000000000e+00
1.2670000000e+03  0.0000000000e+00
1.2680000000e+03  0.0000000000e+00
1.2690000000e+03  0.0000000000e+00
1.2700000000e+03  0.0000000000e+00
1.2710000000e+03  0.0000000000e+00
1.2720000000e+03  0.0000000000e+00
1.2730000000e+03  0.0000000000e+00
1.2740000000e+03  0.0000000000e+00
1.2750000000e+03  0.0000000000e+00
1.2760000000e+03  0.0000000000e+00
1.2770000000e+03  0.0000000000e+00
1.2780000000e+03  0.0000000000e+00
1.2790000000e+03  0.0000000000e+00
1.2800000000e+03  0.0000000000e+00
1.2810000000e+03  0.0000000000e+00
1.2820000000e+03  0.0000000000e+00
1.2830000000e+03  0.0000000000e+00
1.2840000000e+03  0.0000000000e+00
1.2850000000e+03  0.0000000000e+00
1.2860000000e+03  0.0000000000e+00
1.2870000000e+03  0.0000000000e+00
1.2880000000e+03  0.0000000000e+00
1.2890000000e+03  0.0000000000e+00
1.2900000000e+03  0.0000000000e+00
1.2910000000e+03  0.0000000000e+00
1.2920000000e+03  0.0000000000e+00
1.2930000000e+03  0.0000000000e+00
1.2940000000e+03  0.0000000000e+00
1.2950000000e+03  0.0000000000e+00
1.2960000000e+03  0.0000000000e+00
1.2970000000e+03  0.0000000000e+00
1.2980000000e+03  0.0000000000e+00
1.2990000000e+03  0.0000000000e+00
1.3000000000e+03  0.0000000000e+00
1.3010000000e+03  0.0000000000e+00
1.3020000000e+03  0.0000000000e+00
1.3030000000e+03  0.0000000000e+00
1.3040000000e+03  0.0000000000e+00
1.3050000000e+03  0.0000000000e+00
1.3060000000e+03  0.0000000000e+00
1.3070000000e+03  0.0000000000e+00
1.3080000000e+03  0.0000000000e+00
1.3090000000e+03  0.0000000000e+00
1.3100000000e+03  0.0000000000e+00
1.3110000000e+03  0.0000000000e+00
1.3120000000e+03  0.0000000000e+00
1.3130000000e+03  0.0000000000e+00
1.3140000000e+03  0.0000000000e+00
1.3150000000e+03  0.0000000000e+00
1.3160000000e+03  0.0000000000e+00
1.3170000000e+03  0.0000000000e+00
1.3180000000e+03  0.0000000000e+00
1.3190000000e+03  0.0000000000e+00
1.3200000000e+03  0.0000000000e+00
1.3210000000e+03  0.0000000000e+00
1.3220000000e+03  0.0000000000e+00
1.3230000000e+03  0.0000000000e+00
1.3240000000e+03  0.0000000000e+00
1.3250000000e+03  0.0000000000e+00
1.3260000000e+03  0.0000000000e+00
1.3270000000e+03  0.0000000000e+00
1.3280000000e+03  0.0000000000e+00
1.3290000000e+03  0.0000000000e+00
1.3300000000e+03  0.0000000000e+00
1.3310000000e+03  0.0000000000e+00
1.3320000000e+03  0.0000000000e+00
1.3330000000e+03  0.0000000000e+00
1.3340000000e+03  0.0000000000e+00
1.3350000000e+03  0.0000000000e+00
1.3360000000e+03  0.0000000000e+00
1.3370000000e+03  0.0000000000e+00
1.3380000000e+03  0.0000000000e+00
1.3390000000e+03  0.0000000000e+00
1.3400000000e+03  0.0000000000e+00
1.3410000000e+03  0.0000000000e+00
1.3420000000e+03  0.0000000000e+00
1.3430000000e+03  0.0000000000e+00
1.3440000000e+03  0.0000000000e+00
1.3450000000e+03  0.0000000000e+00
1.3460000000e+03  0.0000000000e+00
1.3470000000e+03  0.0000000000e+00
1.3480000000e+03  0.0000000000e+00
1.3490000000e+03  0.0000000000e+00
1.3500000000e+03  0.0000000000e+00
1.3510000000e+03  0.0000000000e+00
1.3520000000e+03  0.0000000000e+00
1.3530000000e+03  0.0000000000e+00
1.3540000000e+03  0.0000000000e+00
1.3550000000e+03  0.0000000000e+00
1.3560000000e+03  0.0000000000e+00
1.3570000000e+03  0.0000000000e+00
1.3580000000e+03  0.0000000000e+00
1.3590000000e+03  0.0000000000e+00
1.3600000000e+03  0.0000000000e+00
1.3610000000e+03  0.0000000000e+00
1.3620000000e+03  0.0000000000e+00
1.3630000000e+03  0.0000000000e+00
1.3640000000e+03  0.0000000000e+00
1.3650000000e+03  0.0000000000e+00
1.3660000000e+03  0.0000000000e+00
1.3670000000e+03  0.0000000000e+00
1.3680000000e+03  0.0000000000e+00
1.3690000000e+03  0.0000000000e+00
1.3700000000e+03  0.0000000000e+00
1.3710000000e+03  0.0000000000e+00
1.3720000000e+03  0.0000000000e+00
1.3730000000e+03  0.0000000000e+00
1.3740000000e+03  0.0000000000e+00
1.3750000000e+03  0.0000000000e+00
1.3760000000e+03  0.0000000000e+00
1.3770000000e+03  0.0000000000e+00
1.3780000000e+03  0.0000000000e+00
1.3790000000e+03  0.0000000000e+00
1.3800000000e+03  0.0000000000e+00
1.3810000000e+03  0.0000000000e+00
1.3820000000e+03  0.0000000000e+00
1.3830000000e+03  0.0000000000e+00
1.3840000000e+03  0.0000000000e+00
1.3850000000e+03  0.0000000000e+00
1.3860000000e+03  0.0000000000e+00
1.3870000000e+03  0.0000000000e+00
1.3880000000e+03  0.0000000000e+00
1.3890000000e+03  0.0000000000e+00
1.3900000000e+03  0.0000000000e+00
1.3910000000e+03  0.0000000000e+00
1.3920000000e+03  0.0000000000e+00
1.3930000000e+03  0.0000000000e+00
1.3940000000e+03  0.0000000000e+00
1.3950000000e+03  0.0000000000e+00
1.3960000000e+03  0.0000000000e+00
1.3970000000e+03  0.0000000000e+00
1.3980000000e+03  0.0000000000e+00
1.3990000000e+03  0.0000000000e+00
1.4000000000e+03  0.0000000000e+00
1.4010000000e+03  0.0000000000e+00
1.4020000000e+03  0.0000000000e+00
1.4030000000e+03  0.0000000000e+00
1.4040000000e+03  0.0000000000e+00
1.4050000000e+03  0.0000000000e+00
1.4060000000e+03  0.0000000000e+00
1.4070000000e+03  0.0000000000e+00
1.4080000000e+03  0.0000000000e+00
1.4090000000e+03  0.0000000000e+00
1.4100000000e+03  0.0000000000e+00
1.4110000000e+03  0.0000000000e+00
1.4120000000e+03  0.0000000000e+00
1.4130000000e+03  0.0000000000e+00
1.4140000000e+03  0.0000000000e+00
1.4150000000e+03  0.0000000000e+00
1.4160000000e+03  0.0000000000e+00
1.4170000000e+03  0.0000000000e+00
1.4180000000e+03  0.0000000000e+00
1.4190000000e+03  0.0000000000e+00
1.4200000000e+03  0.0000000000e+00
1.4210000000e+03  0.0000000000e+00
1.4220000000e+03  0.0000000000e+00
1.4230000000e+03  0.0000000000e+00
1.4240000000e+03  0.0000000000e+00
1.4250000000e+03  0.0000000000e+00
1.4260000000e+03  0.0000000000e+00
1.4270000000e+03  0.0000000000e+00
1.4280000000e+03  0.0000000000e+00
1.4290000000e+03  0.0000000000e+00
1.4300000000e+03  0.0000000000e+00
1.4310000000e+03  0.0000000000e+00
1.4320000000e+03  0.0000000000e+00
1.4330000000e+03  0.0000000000e+00
1.4340000000e+03  0.0000000000e+00
1.4350000000e+03  0.0000000000e+00
1.4360000000e+03  0.0000000000e+00
1.4370000000e+03  0.0000000000e+00
1.4380000000e+03  0.0000000000e+00
1.4390000000e+03  0.0000000000e+00
1.4400000000e+03  0.0000000000e+00
1.4410000000e+03  0.0000000000e+00
1.4420000000e+03  0.0000000000e+00
1.4430000000e+03  0.0000000000e+00
1.4440000000e+03  0.0000000000e+00
1.4450000000e+03  0.0000000000e+00
1.4460000000e+03  0.0000000000e+00
1.4470000000e+03  0.0000000000e+00
1.4480000000e+03  0.0000000000e+00
1.4490000000e+03  0.0000000000e+00
1.4500000000e+03  0.0000000000e+00
1.4510000000e+03  0.0000000000e+00
1.4520000000e+03  0.0000000000e+00
1.4530000000e+03  0.0000000000e+00
1.4540000000e+03  0.0000000000e+00
1.4550000000e+03  0.0000000000e+00
1.4560000000e+03  0.0000000000e+00
1.4570000000e+03  0.0000000000e+00
1.4580000000e+03  0.0000000000e+00
1.4590000000e+03  0.0000000000e+00
1.4600000000e+03  0.0000000000e+00
1.4610000000e+03  0.0000000000e+00
1.4620000000e+03  0.0000000000e+00
1.4630000000e+03  0.0000000000e+00
1.4640000000e+03  0.0000000000e+00
1.4650000000e+03  0.0000000000e+00
1.4660000000e+03  0.0000000000e+00
1.4670000000e+03  0.0000000000e+00
1.4680000000e+03  0.0000000000e+00
1.4690000000e+03  0.0000000000e+00
1.4700000000e+03  0.0000000000e+00
1.4710000000e+03  0.0000000000e+00
1.4720000000e+03  0.0000000000e+00
1.4730000000e+03  0.0000000000e+00
1.4740000000e+03  0.0000000000e+00
1.4750000000e+03  0.0000000000e+00
1.4760000000e+03  0.0000000000e+00
1.4770000000e+03  0.0000000000e+00
1.4780000000e+03  0.0000000000e+00
1.4790000000e+03  0.0000000000e+00
1.4800000000e+03  0.0000000000e+00
1.4810000000e+03  0.0000000000e+00
1.4820000000e+03  0.0000000000e+00
1.4830000000e+03  0.0000000000e+00
1.4840000000e+03  0.0000000000e+00
1.4850000000e+03  0.0000000000e+00
1.4860000000e+03  0.0000000000e+00
1.4870000000e+03  0.0000000000e+00
1.4880000000e+03  0.0000000000e+00
1.4890000000e+03  0.0000000000e+00
1.4900000000e+03  0.0000000000e+00
1.4910000000e+03  0.0000000000e+00
1.4920000000e+03  0.0000000000e+00
1.4930000000e+03  0.0000000000e+00
1.4940000000e+03  0.0000000000e+00
1.4950000000e+03  0.0000000000e+00
1.4960000000e+03  0.0000000000e+00
1.4970000000e+03  0.0000000000e+00
1.4980000000e+03  0.0000000000e+00
1.4990000000e+03  0.0000000000e+00
1.5000000000e+03  0.0000000000e+00
1.5010000000e+03  0.0000000000e+00
1.5020000000e+03  0.0000000000e+00
1.5030000000e+03  0.0000000000e+00
1.5040000000e+03  0.0000000000e+00
1.5050000000e+03  0.0000000000e+00
1.5060000000e+03  0.0000000000e+00
1.5070000000e+03  0.0000000000e+00
1.5080000000e+03  0.0000000000e+00
1.5090000000e+03  0.0000000000e+00
1.5100000000e+03  0.0000000000e+00
1.5110000000e+03  0.0000000000e+00
1.5120000000e+03  0.0000000000e+00
1.5130000000e+03  0.0000000000e+00
1.5140000000e+03  0.0000000000e+00
1.5150000000e+03  0.0000000000e+00
1.5160000000e+03  0.0000000000e+00
1.5170000000e+03  0.0000000000e+00
1.5180000000e+03  0.0000000000e+00
1.5190000000e+03  0.0000000000e+00
1.5200000000e+03  0.0000000000e+00
1.5210000000e+03  0.0000000000e+00
1.5220000000e+03  0.0000000000e+00
1.5230000000e+03  0.0000000000e+00
1.5240000000e+03  0.0000000000e+00
1.5250000000e+03  0.0000000000e+00
1.5260000000e+03  0.0000000000e+00
1.5270000000e+03  0.0000000000e+00
1.5280000000e+03  0.0000000000e+00
1.5290000000e+03  0.0000000000e+00
1.5300000000e+03  0.0000000000e+00
1.5310000000e+03  0.0000000000e+00
1.5320000000e+03  0.0000000000e+00
1.5330000000e+03  0.0000000000e+00
1.5340000000e+03  0.0000000000e+00
1.5350000000e+03  0.0000000000e+00
1.5360000000e+03  0.0000000000e+00
1.5370000000e+03  0.0000000000e+00
1.5380000000e+03  0.0000000000e+00
1.5390000000e+03  0.0000000000e+00
1.5400000000e+03  0.0000000000e+00
1.5410000000e+03  0.0000000000e+00
1.5420000000e+03  0.0000000000e+00
1.5430000000e+03  0.0000000000e+00
1.5440000000e+03  0.0000000000e+00
1.5450000000e+03  0.0000000000e+00
1.5460000000e+03  0.0000000000e+00
1.5470000000e+03  0.0000000000e+00
1.5480000000e+03  0.0000000000e+00
1.5490000000e+03  0.0000000000e+00
1.5500000000e+03  0.0000000000e+00
1.5510000000e+03  0.0000000000e+00
1.5520000000e+03  0.0000000000e+00
1.5530000000e+03  0.0000000000e+00
1.5540000000e+03  0.0000000000e+00
1.5550000000e+03  0.0000000000e+00
1.5560000000e+03  0.0000000000e+00
1.5570000000e+03  0.0000000000e+00
1.5580000000e+03  0.0000000000e+00
1.5590000000e+03  0.0000000000e+00
1.5600000000e+03  0.0000000000e+00
1.5610000000e+03  0.0000000000e+00
1.5620000000e+03  0.0000000000e+00
1.5630000000e+03  0.0000000000e+00
1.5640000000e+03  0.0000000000e+00
1.5650000000e+03  0.0000000000e+00
1.5660000000e+03  0.0000000000e+00
1.5670000000e+03  0.0000000000e+00
1.5680000000e+03  0.0000000000e+00
1.5690000000e+03  0.0000000000e+00
1.5700000000e+03  0.0000000000e+00
1.5710000000e+03  0.0000000000e+00
1.5720000000e+03  0.0000000000e+00
1.5730000000e+03  0.0000000000e+00
1.5740000000e+03  0.0000000000e+00
1.5750000000e+03  0.0000000000e+00
1.5760000000e+03  0.0000000000e+00
1.5770000000e+03  0.0000000000e+00
1.5780000000e+03  0.0000000000e+00
1.5790000000e+03  0.0000000000e+00
1.5800000000e+03  0.0000000000e+00
1.5810000000e+03  0.0000000000e+00
1.5820000000e+03  0.0000000000e+00
1.5830000000e+03  0.0000000000e+00
1.5840000000e+03  0.0000000000e+00
1.5850000000e+03  0.0000000000e+00
1.5860000000e+03  0.0000000000e+00
1.5870000000e+03  0.0000000000e+00
1.5880000000e+03  0.0000000000e+00
1.5890000000e+03  0.0000000000e+00
1.5900000000e+03  0.0000000000e+00
1.5910000000e+03  0.0000000000e+00
1.5920000000e+03  0.0000000000e+00
1.5930000000e+03  0.0000000000e+00
1.5940000000e+03  0.0000000000e+00
1.5950000000e+03  0.0000000000e+00
1.5960000000e+03  0.0000000000e+00
1.5970000000e+03  0.0000000000e+00
1.5980000000e+03  0.0000000000e+00
1.5990000000e+03  0.0000000000e+00
1.6000000000e+03  0.0000000000e+00
1.6010000000e+03  0.0000000000e+00
1.6020000000e+03  0.0000000000e+00
1.6030000000e+03  0.0000000000e+00
1.6040000000e+03  0.0000000000e+00
1.6050000000e+03  0.0000000000e+00
1.6060000000e+03  0.0000000000e+00
1.6070000000e+03  0.0000000000e+00
1.6080000000e+03  0.0000000000e+00
1.6090000000e+03  0.0000000000e+00
1.6100000000e+03  0.0000000000e+00
1.6110000000e+03  0.0000000000e+00
1.6120000000e+03  0.0000000000e+00
1.6130000000e+03  0.0000000000e+00
1.6140000000e+03  0.0000000000e+00
1.6150000000e+03  0.0000000000e+00
1.6160000000e+03  0.0000000000e+00
1.6170000000e+03  0.0000000000e+00
1.6180000000e+03  0.0000000000e+00
1.6190000000e+03  0.0000000000e+00
1.6200000000e+03  0.0000000000e+00
1.6210000000e+03  0.0000000000e+00
1.6220000000e+03  0.0000000000e+00
1.6230000000e+03  0.0000000000e+00
1.6240000000e+03  0.0000000000e+00
1.6250000000e+03  0.0000000000e+00
1.6260000000e+03  0.0000000000e+00
1.6270000000e+03  0.0000000000e+00
1.6280000000e+03  0.0000000000e+00
1.6290000000e+03  0.0000000000e+00
1.6300000000e+03  0.0000000000e+00
1.6310000000e+03  0.0000000000e+00
1.6320000000e+03  0.0000000000e+00
1.6330000000e+03  0.0000000000e+00
1.6340000000e+03  0.0000000000e+00
1.6350000000e+03  0.0000000000e+00
1.6360000000e+03  0.0000000000e+00
1.6370000000e+03  0.0000000000e+00
1.6380000000e+03  0.0000000000e+00
1.6390000000e+03  0.0000000000e+00
1.6400000000e+03  0.0000000000e+00
1.6410000000e+03  0.0000000000e+00
1.6420000000e+03  0.0000000000e+00
1.6430000000e+03  0.0000000000e+00
1.6440000000e+03  0.0000000000e+00
1.6450000000e+03  0.0000000000e+00
1.6460000000e+03  0.0000000000e+00
1.6470000000e+03  0.0000000000e+00
1.6480000000e+03  0.0000000000e+00
1.6490000000e+03  0.0000000000e+00
1.6500000000e+03  0.0000000000e+00
1.6510000000e+03  0.0000000000e+00
1.6520000000e+03  0.0000000000e+00
1.6530000000e+03  0.0000000000e+00
1.6540000000e+03  0.0000000000e+00
1.6550000000e+03  0.0000000000e+00
1.6560000000e+03  0.0000000000e+00
1.6570000000e+03  0.0000000000e+00
1.6580000000e+03  0.0000000000e+00
1.6590000000e+03  0.0000000000e+00
1.6600000000e+03  0.0000000000e+00
1.6610000000e+03  0.0000000000e+00
1.6620000000e+03  0.0000000000e+00
1.6630000000e+03  0.0000000000e+00
1.6640000000e+03  0.0000000000e+00
1.6650000000e+03  0.0000000000e+00
1.6660000000e+03  0.0000000000e+00
1.6670000000e+03  0.0000000000e+00
1.6680000000e+03  0.0000000000e+00
1.6690000000e+03  0.0000000000e+00
1.6700000000e+03  0.0000000000e+00
1.6710000000e+03  0.0000000000e+00
1.6720000000e+03  0.0000000000e+00
1.6730000000e+03  0.0000000000e+00
1.6740000000e+03  0.0000000000e+00
1.6750000000e+03  0.0000000000e+00
1.6760000000e+03  0.0000000000e+00
1.6770000000e+03  0.0000000000e+00
1.6780000000e+03  0.0000000000e+00
1.6790000000e+03  0.0000000000e+00
1.6800000000e+03  0.0000000000e+00
1.6810000000e+03  0.0000000000e+00
1.6820000000e+03  0.0000000000e+00
1.6830000000e+03  0.0000000000e+00
1.6840000000e+03  0.0000000000e+00
1.6850000000e+03  0.0000000000e+00
1.6860000000e+03  0.0000000000e+00
1.6870000000e+03  0.0000000000e+00
1.6880000000e+03  0.0000000000e+00
1.6890000000e+03  0.0000000000e+00
1.6900000000e+03  0.0000000000e+00
1.6910000000e+03  0.0000000000e+00
1.6920000000e+03  0.0000000000e+00
1.6930000000e+03  0.0000000000e+00
1.6940000000e+03  0.0000000000e+00
1.6950000000e+03  0.0000000000e+00
1.6960000000e+03  0.0000000000e+00
1.6970000000e+03  0.0000000000e+00
1.6980000000e+03  0.0000000000e+00
1.6990000000e+03  0.0000000000e+00
1.7000000000e+03  0.0000000000e+00
1.7010000000e+03  0.0000000000e+00
1.7020000000e+03  0.0000000000e+00
1.7030000000e+03  0.0000000000e+00
1.7040000000e+03  0.0000000000e+00
1.7050000000e+03  0.0000000000e+00
1.7060000000e+03  0.0000000000e+00
1.7070000000e+03  0.0000000000e+00
1.7080000000e+03  0.0000000000e+00
1.7090000000e+03  0.0000000000e+00
1.7100000000e+03  0.0000000000e+00
1.7110000000e+03  0.0000000000e+00
1.7120000000e+03  0.0000000000e+00
1.7130000000e+03  0.0000000000e+00
1.7140000000e+03  0.0000000000e+00
1.7150000000e+03  0.0000000000e+00
1.7160000000e+03  0.0000000000e+00
1.7170000000e+03  0.0000000000e+00
1.7180000000e+03  0.0000000000e+00
1.7190000000e+03  0.0000000000e+00
1.7200000000e+03  0.0000000000e+00
1.7210000000e+03  0.0000000000e+00
1.7220000000e+03  0.0000000000e+00
1.7230000000e+03  0.0000000000e+00
1.7240000000e+03  0.0000000000e+00
1.7250000000e+03  0.0000000000e+00
1.7260000000e+03  0.0000000000e+00
1.7270000000e+03  0.0000000000e+00
1.7280000000e+03  0.0000000000e+00
1.7290000000e+03  0.0000000000e+00
1.7300000000e+03  0.0000000000e+00
1.7310000000e+03  0.0000000000e+00
1.7320000000e+03  0.0000000000e+00
1.7330000000e+03  0.0000000000e+00
1.7340000000e+03  0.0000000000e+00
1.7350000000e+03  0.0000000000e+00
1.7360000000e+03  0.0000000000e+00
1.7370000000e+03  0.0000000000e+00
1.7380000000e+03  0.0000000000e+00
1.7390000000e+03  0.0000000000e+00
1.7400000000e+03  0.0000000000e+00
1.7410000000e+03  0.0000000000e+00
1.7420000000e+03  0.0000000000e+00
1.7430000000e+03  0.0000000000e+00
1.7440000000e+03  0.0000000000e+00
1.7450000000e+03  0.0000000000e+00
1.7460000000e+03  0.0000000000e+00
1.7470000000e+03  0.0000000000e+00
1.7480000000e+03  0.0000000000e+00
1.7490000000e+03  0.0000000000e+00
1.7500000000e+03  0.0000000000e+00
1.7510000000e+03  0.0000000000e+00
1.7520000000e+03  0.0000000000e+00
1.7530000000e+03  0.0000000000e+00
1.7540000000e+03  0.0000000000e+00
1.7550000000e+03  0.0000000000e+00
1.7560000000e+03  0.0000000000e+00
1.7570000000e+03  0.0000000000e+00
1.7580000000e+03  0.0000000000e+00
1.7590000000e+03  0.0000000000e+00
1.7600000000e+03  0.0000000000e+00
1.7610000000e+03  0.0000000000e+00
1.7620000000e+03  0.0000000000e+00
1.7630000000e+03  0.0000000000e+00
1.7640000000e+03  0.0000000000e+00
1.7650000000e+03  0.0000000000e+00
1.7660000000e+03  0.0000000000e+00
1.7670000000e+03  0.0000000000e+00
1.7680000000e+03  0.0000000000e+00
1.7690000000e+03  0.0000000000e+00
1.7700000000e+03  0.0000000000e+00
1.7710000000e+03  0.0000000000e+00
1.7720000000e+03  0.0000000000e+00
1.7730000000e+03  0.0000000000e+00
1.7740000000e+03  0.0000000000e+00
1.7750000000e+03  0.0000000000e+00
1.7760000000e+03  0.0000000000e+00
1.7770000000e+03  0.0000000000e+00
1.7780000000e+03  0.0000000000e+00
1.7790000000e+03  0.0000000000e+00
1.7800000000e+03  0.0000000000e+00
1.7810000000e+03  0.0000000000e+00
1.7820000000e+03  0.0000000000e+00
1.7830000000e+03  0.0000000000e+00
1.7840000000e+03  0.0000000000e+00
1.7850000000e+03  0.0000000000e+00
1.7860000000e+03  0.0000000000e+00
1.7870000000e+03  0.0000000000e+00
1.7880000000e+03  0.0000000000e+00
1.7890000000e+03  0.0000000000e+00
1.7900000000e+03  0.0000000000e+00
1.7910000000e+03  0.0000000000e+00
1.7920000000e+03  0.0000000000e+00
1.7930000000e+03  0.0000000000e+00
1.7940000000e+03  0.0000000000e+00
1.7950000000e+03  0.0000000000e+00
1.7960000000e+03  0.0000000000e+00
1.7970000000e+03  0.0000000000e+00
1.7980000000e+03  0.0000000000e+00
1.7990000000e+03  0.0000000000e+00
1.8000000000e+03  0.0000000000e+00
1.8010000000e+03  0.0000000000e+00
1.8020000000e+03  0.0000000000e+00
1.8030000000e+03  0.0000000000e+00
1.8040000000e+03  0.0000000000e+00
1.8050000000e+03  0.0000000000e+00
1.8060000000e+03  0.0000000000e+00
1.8070000000e+03  0.0000000000e+00
1.8080000000e+03  0.0000000000e+00
1.8090000000e+03  0.0000000000e+00
1.8100000000e+03  0.0000000000e+00
1.8110000000e+03  0.0000000000e+00
1.8120000000e+03  0.0000000000e+00
1.8130000000e+03  0.0000000000e+00
1.8140000000e+03  0.0000000000e+00
1.8150000000e+03  0.0000000000e+00
1.8160000000e+03  0.0000000000e+00
1.8170000000e+03  0.0000000000e+00
1.8180000000e+03  0.0000000000e+00
1.8190000000e+03  0.0000000000e+00
1.8200000000e+03  0.0000000000e+00
1.8210000000e+03  0.0000000000e+00
1.8220000000e+03  0.0000000000e+00
1.8230000000e+03  0.0000000000e+00
1.8240000000e+03  0.0000000000e+00
1.8250000000e+03  0.0000000000e+00
1.8260000000e+03  0.0000000000e+00
1.8270000000e+03  0.0000000000e+00
1.8280000000e+03  0.0000000000e+00
1.8290000000e+03  0.0000000000e+00
1.8300000000e+03  0.0000000000e+00
1.8310000000e+03  0.0000000000e+00
1.8320000000e+03  0.0000000000e+00
1.8330000000e+03  0.0000000000e+00
1.8340000000e+03  0.0000000000e+00
1.8350000000e+03  0.0000000000e+00
1.8360000000e+03  0.0000000000e+00
1.8370000000e+03  0.0000000000e+00
1.8380000000e+03  0.0000000000e+00
1.8390000000e+03  0.0000000000e+00
1.8400000000e+03  0.0000000000e+00
1.8410000000e+03  0.0000000000e+00
1.8420000000e+03  0.0000000000e+00
1.8430000000e+03  0.0000000000e+00
1.8440000000e+03  0.0000000000e+00
1.8450000000e+03  0.0000000000e+00
1.8460000000e+03  0.0000000000e+00
1.8470000000e+03  0.0000000000e+00
1.8480000000e+03  0.0000000000e+00
1.8490000000e+03  0.0000000000e+00
1.8500000000e+03  0.0000000000e+00
1.8510000000e+03  0.0000000000e+00
1.8520000000e+03  0.0000000000e+00
1.8530000000e+03  0.0000000000e+00
1.8540000000e+03  0.0000000000e+00
1.8550000000e+03  0.0000000000e+00
1.8560000000e+03  0.0000000000e+00
1.8570000000e+03  0.0000000000e+00
1.8580000000e+03  0.0000000000e+00
1.8590000000e+03  0.0000000000e+00
1.8600000000e+03  0.0000000000e+00
1.8610000000e+03  0.0000000000e+00
1.8620000000e+03  0.0000000000e+00
1.8630000000e+03  0.0000000000e+00
1.8640000000e+03  0.0000000000e+00
1.8650000000e+03  0.0000000000e+00
1.8660000000e+03  0.0000000000e+00
1.8670000000e+03  0.0000000000e+00
1.8680000000e+03  0.0000000000e+00
1.8690000000e+03  0.0000000000e+00
1.8700000000e+03  0.0000000000e+00
1.8710000000e+03  0.0000000000e+00
1.8720000000e+03  0.0000000000e+00
1.8730000000e+03  0.0000000000e+00
1.8740000000e+03  0.0000000000e+00
1.8750000000e+03  0.0000000000e+00
1.8760000000e+03  0.0000000000e+00
1.8770000000e+03  0.0000000000e+00
1.8780000000e+03  0.0000000000e+00
1.8790000000e+03  0.0000000000e+00
1.8800000000e+03  0.0000000000e+00
1.8810000000e+03  0.0000000000e+00
1.8820000000e+03  0.0000000000e+00
1.8830000000e+03  0.0000000000e+00
1.8840000000e+03  0.0000000000e+00
1.8850000000e+03  0.0000000000e+00
1.8860000000e+03  0.0000000000e+00
1.8870000000e+03  0.0000000000e+00
1.8880000000e+03  0.0000000000e+00
1.8890000000e+03  0.0000000000e+00
1.8900000000e+03  0.0000000000e+00
1.8910000000e+03  0.0000000000e+00
1.8920000000e+03  0.0000000000e+00
1.8930000000e+03  0.0000000000e+00
1.8940000000e+03  0.0000000000e+00
1.8950000000e+03  0.0000000000e+00
1.8960000000e+03  0.0000000000e+00
1.8970000000e+03  0.0000000000e+00
1.8980000000e+03  0.0000000000e+00
1.8990000000e+03  0.0000000000e+00
1.9000000000e+03  0.0000000000e+00
1.9010000000e+03  0.0000000000e+00
1.9020000000e+03  0.0000000000e+00
1.9030000000e+03  0.0000000000e+00
1.9040000000e+03  0.0000000000e+00
1.9050000000e+03  0.0000000000e+00
1.9060000000e+03  0.0000000000e+00
1.9070000000e+03  0.0000000000e+00
1.9080000000e+03  0.0000000000e+00
1.9090000000e+03  0.0000000000e+00
1.9100000000e+03  0.0000000000e+00
1.9110000000e+03  0.0000000000e+00
1.9120000000e+03  0.0000000000e+00
1.9130000000e+03  0.0000000000e+00
1.9140000000e+03  0.0000000000e+00
1.9150000000e+03  0.0000000000e+00
1.9160000000e+03  0.0000000000e+00
1.9170000000e+03  0.0000000000e+00
1.9180000000e+03  0.0000000000e+00
1.9190000000e+03  0.0000000000e+00
1.9200000000e+03  0.0000000000e+00
1.9210000000e+03  0.0000000000e+00
1.9220000000e+03  0.0000000000e+00
1.9230000000e+03  0.0000000000e+00
1.9240000000e+03  0.0000000000e+00
1.9250000000e+03  0.0000000000e+00
1.9260000000e+03  0.0000000000e+00
1.9270000000e+03  0.0000000000e+00
1.9280000000e+03  0.0000000000e+00
1.9290000000e+03  0.0000000000e+00
1.9300000000e+03  0.0000000000e+00
1.9310000000e+03  0.0000000000e+00
1.9320000000e+03  0.0000000000e+00
1.9330000000e+03  0.0000000000e+00
1.9340000000e+03  0.0000000000e+00
1.9350000000e+03  0.0000000000e+00
1.9360000000e+03  0.0000000000e+00
1.9370000000e+03  0.0000000000e+00
1.9380000000e+03  0.0000000000e+00
1.9390000000e+03  0.0000000000e+00
1.9400000000e+03  0.0000000000e+00
1.9410000000e+03  0.0000000000e+00
1.9420000000e+03  0.0000000000e+00
1.9430000000e+03  0.0000000000e+00
1.9440000000e+03  0.0000000000e+00
1.9450000000e+03  0.0000000000e+00
1.9460000000e+03  0.0000000000e+00
1.9470000000e+03  0.0000000000e+00
1.9480000000e+03  0.0000000000e+00
1.9490000000e+03  0.0000000000e+00
1.9500000000e+03  0.0000000000e+00
1.9510000000e+03  0.0000000000e+00
1.9520000000e+03  0.0000000000e+00
1.9530000000e+03  0.0000000000e+00
1.9540000000e+03  0.0000000000e+00
1.9550000000e+03  0.0000000000e+00
1.9560000000e+03  0.0000000000e+00
1.9570000000e+03  0.0000000000e+00
1.9580000000e+03  0.0000000000e+00
1.9590000000e+03  0.0000000000e+00
1.9600000000e+03  0.0000000000e+00
1.9610000000e+03  0.0000000000e+00
1.9620000000e+03  0.0000000000e+00
1.9630000000e+03  0.0000000000e+00
1.9640000000e+03  0.0000000000e+00
1.9650000000e+03  0.0000000000e+00
1.9660000000e+03  0.0000000000e+00
1.9670000000e+03  0.0000000000e+00
1.9680000000e+03  0.0000000000e+00
1.9690000000e+03  0.0000000000e+00
1.9700000000e+03  0.0000000000e+00
1.9710000000e+03  0.0000000000e+00
1.9720000000e+03  0.0000000000e+00
1.9730000000e+03  0.0000000000e+00
1.9740000000e+03  0.0000000000e+00
1.9750000000e+03  0.0000000000e+00
1.9760000000e+03  0.0000000000e+00
1.9770000000e+03  0.0000000000e+00
1.9780000000e+03  0.0000000000e+00
1.9790000000e+03  0.0000000000e+00
1.9800000000e+03  0.0000000000e+00
1.9810000000e+03  0.0000000000e+00
1.9820000000e+03  0.0000000000e+00
1.9830000000e+03  0.0000000000e+00
1.9840000000e+03  0.0000000000e+00
1.9850000000e+03  0.0000000000e+00
1.9860000000e+03  0.0000000000e+00
1.9870000000e+03  0.0000000000e+00
1.9880000000e+03  0.0000000000e+00
1.9890000000e+03  0.0000000000e+00
1.9900000000e+03  0.0000000000e+00
1.9910000000e+03  0.0000000000e+00
1.9920000000e+03  0.0000000000e+00
1.9930000000e+03  0.0000000000e+00
1.9940000000e+03  0.0000000000e+00
1.9950000000e+03  0.0000000000e+00
1.9960000000e+03  0.0000000000e+00
1.9970000000e+03  0.0000000000e+00
1.9980000000e+03  0.0000000000e+00
1.9990000000e+03  0.0000000000e+00
2.0000000000e+03  0.0000000000e+00
2.0010000000e+03  0.0000000000e+00
2.0020000000e+03  0.0000000000e+00
2.0030000000e+03  0.0000000000e+00
2.0040000000e+03  0.0000000000e+00
2.0050000000e+03  0.0000000000e+00
2.0060000000e+03  0.0000000000e+00
2.0070000000e+03  0.0000000000e+00
2.0080000000e+03  0.0000000000e+00
2.0090000000e+03  0.0000000000e+00
2.0100000000e+03  0.0000000000e+00
2.0110000000e+03  0.0000000000e+00
2.0120000000e+03  0.0000000000e+00
2.0130000000e+03  0.0000000000e+00
2.0140000000e+03  0.0000000000e+00
2.0150000000e+03  0.0000000000e+00
2.0160000000e+03  0.0000000000e+00
2.0170000000e+03  0.0000000000e+00
2.0180000000e+03  0.0000000000e+00
2.0190000000e+03  0.0000000000e+00
2.0200000000e+03  0.0000000000e+00
2.0210000000e+03  0.0000000000e+00
2.0220000000e+03  0.0000000000e+00
2.0230000000e+03  0.0000000000e+00
2.0240000000e+03  0.0000000000e+00
2.0250000000e+03  0.0000000000e+00
2.0260000000e+03  0.0000000000e+00
2.0270000000e+03  0.0000000000e+00
2.0280000000e+03  0.0000000000e+00
2.0290000000e+03  0.0000000000e+00
2.0300000000e+03  0.0000000000e+00
2.0310000000e+03  0.0000000000e+00
2.0320000000e+03  0.0000000000e+00
2.0330000000e+03  0.0000000000e+00
2.0340000000e+03  0.0000000000e+00
2.0350000000e+03  0.0000000000e+00
2.0360000000e+03  0.0000000000e+00
2.0370000000e+03  0.0000000000e+00
2.0380000000e+03  0.0000000000e+00
2.0390000000e+03  0.0000000000e+00
2.0400000000e+03  0.0000000000e+00
2.0410000000e+03  0.0000000000e+00
2.0420000000e+03  0.0000000000e+00
2.0430000000e+03  0.0000000000e+00
2.0440000000e+03  0.0000000000e+00
2.0450000000e+03  0.0000000000e+00
2.0460000000e+03  0.0000000000e+00
2.0470000000e+03  0.0000000000e+00
2.0480000000e+03  0.0000000000e+00
2.0490000000e+03  0.0000000000e+00
2.0500000000e+03  0.0000000000e+00
2.0510000000e+03  0.0000000000e+00
2.0520000000e+03  0.0000000000e+00
2.0530000000e+03  0.0000000000e+00
2.0540000000e+03  0.0000000000e+00
2.0550000000e+03  0.0000000000e+00
2.0560000000e+03  0.0000000000e+00
2.0570000000e+03  0.0000000000e+00
2.0580000000e+03  0.0000000000e+00
2.0590000000e+03  0.0000000000e+00
2.0600000000e+03  0.0000000000e+00
2.0610000000e+03  0.0000000000e+00
2.0620000000e+03  0.0000000000e+00
2.0630000000e+03  0.0000000000e+00
2.0640000000e+03  0.0000000000e+00
2.0650000000e+03  0.0000000000e+00
2.0660000000e+03  0.0000000000e+00
2.0670000000e+03  0.0000000000e+00
2.0680000000e+03  0.0000000000e+00
2.0690000000e+03  0.0000000000e+00
2.0700000000e+03  0.0000000000e+00
2.0710000000e+03  0.0000000000e+00
2.0720000000e+03  0.0000000000e+00
2.0730000000e+03  0.0000000000e+00
2.0740000000e+03  0.0000000000e+00
2.0750000000e+03  0.0000000000e+00
2.0760000000e+03  0.0000000000e+00
2.0770000000e+03  0.0000000000e+00
2.0780000000e+03  0.0000000000e+00
2.0790000000e+03  0.0000000000e+00
2.0800000000e+03  0.0000000000e+00
2.0810000000e+03  0.0000000000e+00
2.0820000000e+03  0.0000000000e+00
2.0830000000e+03  0.0000000000e+00
2.0840000000e+03  0.0000000000e+00
2.0850000000e+03  0.0000000000e+00
2.0860000000e+03  0.0000000000e+00
2.0870000000e+03  0.0000000000e+00
2.0880000000e+03  0.0000000000e+00
2.0890000000e+03  0.0000000000e+00
2.0900000000e+03  0.0000000000e+00
2.0910000000e+03  0.0000000000e+00
2.0920000000e+03  0.0000000000e+00
2.0930000000e+03  0.0000000000e+00
2.0940000000e+03  0.0000000000e+00
2.0950000000e+03  0.0000000000e+00
2.0960000000e+03  0.0000000000e+00
2.0970000000e+03  0.0000000000e+00
2.0980000000e+03  0.0000000000e+00
2.0990000000e+03  0.0000000000e+00
2.1000000000e+03  0.0000000000e+00
2.1010000000e+03  0.0000000000e+00
2.1020000000e+03  0.0000000000e+00
2.1030000000e+03  0.0000000000e+00
2.1040000000e+03  0.0000000000e+00
2.1050000000e+03  0.0000000000e+00
2.1060000000e+03  0.0000000000e+00
2.1070000000e+03  0.0000000000e+00
2.1080000000e+03  0.0000000000e+00
2.1090000000e+03  0.0000000000e+00
2.1100000000e+03  0.0000000000e+00
2.1110000000e+03  0.0000000000e+00
2.1120000000e+03  0.0000000000e+00
2.1130000000e+03  0.0000000000e+00
2.1140000000e+03  0.0000000000e+00
2.1150000000e+03  0.0000000000e+00
2.1160000000e+03  0.0000000000e+00
2.1170000000e+03  0.0000000000e+00
2.1180000000e+03  0.0000000000e+00
2.1190000000e+03  0.0000000000e+00
2.1200000000e+03  0.0000000000e+00
2.1210000000e+03  0.0000000000e+00
2.1220000000e+03  0.0000000000e+00
2.1230000000e+03  0.0000000000e+00
2.1240000000e+03  0.0000000000e+00
2.1250000000e+03  0.0000000000e+00
2.1260000000e+03  0.0000000000e+00
2.1270000000e+03  0.0000000000e+00
2.1280000000e+03  0.0000000000e+00
2.1290000000e+03  0.0000000000e+00
2.1300000000e+03  0.0000000000e+00
2.1310000000e+03  0.0000000000e+00
2.1320000000e+03  0.0000000000e+00
2.1330000000e+03  0.0000000000e+00
2.1340000000e+03  0.0000000000e+00
2.1350000000e+03  0.0000000000e+00
2.1360000000e+03  0.0000000000e+00
2.1370000000e+03  0.0000000000e+00
2.1380000000e+03  0.0000000000e+00
2.1390000000e+03  0.0000000000e+00
2.1400000000e+03  0.0000000000e+00
2.1410000000e+03  0.0000000000e+00
2.1420000000e+03  0.0000000000e+00
2.1430000000e+03  0.0000000000e+00
2.1440000000e+03  0.0000000000e+00
2.1450000000e+03  0.0000000000e+00
2.1460000000e+03  0.0000000000e+00
2.1470000000e+03  0.0000000000e+00
2.1480000000e+03  0.0000000000e+00
2.1490000000e+03  0.0000000000e+00
2.1500000000e+03  0.0000000000e+00
2.1510000000e+03  0.0000000000e+00
2.1520000000e+03  0.0000000000e+00
2.1530000000e+03  0.0000000000e+00
2.1540000000e+03  0.0000000000e+00
2.1550000000e+03  0.0000000000e+00
2.1560000000e+03  0.0000000000e+00
2.1570000000e+03  0.0000000000e+00
2.1580000000e+03  0.0000000000e+00
2.1590000000e+03  0.0000000000e+00
2.1600000000e+03  0.0000000000e+00
2.1610000000e+03  0.0000000000e+00
2.1620000000e+03  0.0000000000e+00
2.1630000000e+03  0.0000000000e+00
2.1640000000e+03  0.0000000000e+00
2.1650000000e+03  0.0000000000e+00
2.1660000000e+03  0.0000000000e+00
2.1670000000e+03  0.0000000000e+00
2.1680000000e+03  0.0000000000e+00
2.1690000000e+03  0.0000000000e+00
2.1700000000e+03  0.0000000000e+00
2.1710000000e+03  0.0000000000e+00
2.1720000000e+03  0.0000000000e+00
2.1730000000e+03  0.0000000000e+00
2.1740000000e+03  0.0000000000e+00
2.1750000000e+03  0.0000000000e+00
2.1760000000e+03  0.0000000000e+00
2.1770000000e+03  0.0000000000e+00
2.1780000000e+03  0.0000000000e+00
2.1790000000e+03  0.0000000000e+00
2.1800000000e+03  0.0000000000e+00
2.1810000000e+03  0.0000000000e+00
2.1820000000e+03  0.0000000000e+00
2.1830000000e+03  0.0000000000e+00
2.1840000000e+03  0.0000000000e+00
2.1850000000e+03  0.0000000000e+00
2.1860000000e+03  0.0000000000e+00
2.1870000000e+03  0.0000000000e+00
2.1880000000e+03  0.0000000000e+00
2.1890000000e+03  0.0000000000e+00
2.1900000000e+03  0.0000000000e+00
2.1910000000e+03  0.0000000000e+00
2.1920000000e+03  0.0000000000e+00
2.1930000000e+03  0.0000000000e+00
2.1940000000e+03  0.0000000000e+00
2.1950000000e+03  0.0000000000e+00
2.1960000000e+03  0.0000000000e+00
2.1970000000e+03  0.0000000000e+00
2.1980000000e+03  0.0000000000e+00
2.1990000000e+03  0.0000000000e+00
2.2000000000e+03  0.0000000000e+00
2.2010000000e+03  0.0000000000e+00
2.2020000000e+03  0.0000000000e+00
2.2030000000e+03  0.0000000000e+00
2.2040000000e+03  0.0000000000e+00
2.2050000000e+03  0.0000000000e+00
2.2060000000e+03  0.0000000000e+00
2.2070000000e+03  0.0000000000e+00
2.2080000000e+03  0.0000000000e+00
2.2090000000e+03  0.0000000000e+00
2.2100000000e+03  0.0000000000e+00
2.2110000000e+03  0.0000000000e+00
2.2120000000e+03  0.0000000000e+00
2.2130000000e+03  0.0000000000e+00
2.2140000000e+03  0.0000000000e+00
2.2150000000e+03  0.0000000000e+00
2.2160000000e+03  0.0000000000e+00
2.2170000000e+03  0.0000000000e+00
2.2180000000e+03  0.0000000000e+00
2.2190000000e+03  0.0000000000e+00
2.2200000000e+03  0.0000000000e+00
2.2210000000e+03  0.0000000000e+00
2.2220000000e+03  0.0000000000e+00
2.2230000000e+03  0.0000000000e+00
2.2240000000e+03  0.0000000000e+00
2.2250000000e+03  0.0000000000e+00
2.2260000000e+03  0.0000000000e+00
2.2270000000e+03  0.0000000000e+00
2.2280000000e+03  0.0000000000e+00
2.2290000000e+03  0.0000000000e+00
2.2300000000e+03  0.0000000000e+00
2.2310000000e+03  0.0000000000e+00
2.2320000000e+03  0.0000000000e+00
2.2330000000e+03  0.0000000000e+00
2.2340000000e+03  0.0000000000e+00
2.2350000000e+03  0.0000000000e+00
2.2360000000e+03  0.0000000000e+00
2.2370000000e+03  0.0000000000e+00
2.2380000000e+03  0.0000000000e+00
2.2390000000e+03  0.0000000000e+00
2.2400000000e+03  0.0000000000e+00
2.2410000000e+03  0.0000000000e+00
2.2420000000e+03  0.0000000000e+00
2.2430000000e+03  0.0000000000e+00
2.2440000000e+03  0.0000000000e+00
2.2450000000e+03  0.0000000000e+00
2.2460000000e+03  0.0000000000e+00
2.2470000000e+03  0.0000000000e+00
2.2480000000e+03  0.0000000000e+00
2.2490000000e+03  0.0000000000e+00
2.2500000000e+03  0.0000000000e+00
2.2510000000e+03  0.0000000000e+00
2.2520000000e+03  0.0000000000e+00
2.2530000000e+03  0.0000000000e+00
2.2540000000e+03  0.0000000000e+00
2.2550000000e+03  0.0000000000e+00
2.2560000000e+03  0.0000000000e+00
2.2570000000e+03  0.0000000000e+00
2.2580000000e+03  0.0000000000e+00
2.2590000000e+03  0.0000000000e+00
2.2600000000e+03  0.0000000000e+00
2.2610000000e+03  0.0000000000e+00
2.2620000000e+03  0.0000000000e+00
2.2630000000e+03  0.0000000000e+00
2.2640000000e+03  0.0000000000e+00
2.2650000000e+03  0.0000000000e+00
2.2660000000e+03  0.0000000000e+00
2.2670000000e+03  0.0000000000e+00
2.2680000000e+03  0.0000000000e+00
2.2690000000e+03  0.0000000000e+00
2.2700000000e+03  0.0000000000e+00
2.2710000000e+03  0.0000000000e+00
2.2720000000e+03  0.0000000000e+00
2.2730000000e+03  0.0000000000e+00
2.2740000000e+03  0.0000000000e+00
2.2750000000e+03  0.0000000000e+00
2.2760000000e+03  0.0000000000e+00
2.2770000000e+03  0.0000000000e+00
2.2780000000e+03  0.0000000000e+00
2.2790000000e+03  0.0000000000e+00
2.2800000000e+03  0.0000000000e+00
2.2810000000e+03  0.0000000000e+00
2.2820000000e+03  0.0000000000e+00
2.2830000000e+03  0.0000000000e+00
2.2840000000e+03  0.0000000000e+00
2.2850000000e+03  0.0000000000e+00
2.2860000000e+03  0.0000000000e+00
2.2870000000e+03  0.0000000000e+00
2.2880000000e+03  0.0000000000e+00
2.2890000000e+03  0.0000000000e+00
2.2900000000e+03  0.0000000000e+00
2.2910000000e+03  0.0000000000e+00
2.2920000000e+03  0.0000000000e+00
2.2930000000e+03  0.0000000000e+00
2.2940000000e+03  0.0000000000e+00
2.2950000000e+03  0.0000000000e+00
2.2960000000e+03  0.0000000000e+00
2.2970000000e+03  0.0000000000e+00
2.2980000000e+03  0.0000000000e+00
2.2990000000e+03  0.0000000000e+00
2.3000000000e+03  0.0000000000e+00
2.3010000000e+03  0.0000000000e+00
2.3020000000e+03  0.0000000000e+00
2.3030000000e+03  0.0000000000e+00
2.3040000000e+03  0.0000000000e+00
2.3050000000e+03  0.0000000000e+00
2.3060000000e+03  0.0000000000e+00
2.3070000000e+03  0.0000000000e+00
2.3080000000e+03  0.0000000000e+00
2.3090000000e+03  0.0000000000e+00
2.3100000000e+03  0.0000000000e+00
2.3110000000e+03  0.0000000000e+00
2.3120000000e+03  0.0000000000e+00
2.3130000000e+03  0.0000000000e+00
2.3140000000e+03  0.0000000000e+00
2.3150000000e+03  0.0000000000e+00
2.3160000000e+03  0.0000000000e+00
2.3170000000e+03  0.0000000000e+00
2.3180000000e+03  0.0000000000e+00
2.3190000000e+03  0.0000000000e+00
2.3200000000e+03  0.0000000000e+00
2.3210000000e+03  0.0000000000e+00
2.3220000000e+03  0.0000000000e+00
2.3230000000e+03  0.0000000000e+00
2.3240000000e+03  0.0000000000e+00
2.3250000000e+03  0.0000000000e+00
2.3260000000e+03  0.0000000000e+00
2.3270000000e+03  0.0000000000e+00
2.3280000000e+03  0.0000000000e+00
2.3290000000e+03  0.0000000000e+00
2.3300000000e+03  0.0000000000e+00
2.3310000000e+03  0.0000000000e+00
2.3320000000e+03  0.0000000000e+00
2.3330000000e+03  0.0000000000e+00
2.3340000000e+03  0.0000000000e+00
2.3350000000e+03  0.0000000000e+00
2.3360000000e+03  0.0000000000e+00
2.3370000000e+03  0.0000000000e+00
2.3380000000e+03  0.0000000000e+00
2.3390000000e+03  0.0000000000e+00
2.3400000000e+03  0.0000000000e+00
2.3410000000e+03  0.0000000000e+00
2.3420000000e+03  0.0000000000e+00
2.3430000000e+03  0.0000000000e+00
2.3440000000e+03  0.0000000000e+00
2.3450000000e+03  0.0000000000e+00
2.3460000000e+03  0.0000000000e+00
2.3470000000e+03  0.0000000000e+00
2.3480000000e+03  0.0000000000e+00
2.3490000000e+03  0.0000000000e+00
2.3500000000e+03  0.0000000000e+00
2.3510000000e+03  0.0000000000e+00
2.3520000000e+03  0.0000000000e+00
2.3530000000e+03  0.0000000000e+00
2.3540000000e+03  0.0000000000e+00
2.3550000000e+03  0.0000000000e+00
2.3560000000e+03  0.0000000000e+00
2.3570000000e+03  0.0000000000e+00
2.3580000000e+03  0.0000000000e+00
2.3590000000e+03  0.0000000000e+00
2.3600000000e+03  0.0000000000e+00
2.3610000000e+03  0.0000000000e+00
2.3620000000e+03  0.0000000000e+00
2.3630000000e+03  0.0000000000e+00
2.3640000000e+03  0.0000000000e+00
2.3650000000e+03  0.0000000000e+00
2.3660000000e+03  0.0000000000e+00
2.3670000000e+03  0.0000000000e+00
2.3680000000e+03  0.0000000000e+00
2.3690000000e+03  0.0000000000e+00
2.3700000000e+03  0.0000000000e+00
2.3710000000e+03  0.0000000000e+00
2.3720000000e+03  0.0000000000e+00
2.3730000000e+03  0.0000000000e+00
2.3740000000e+03  0.0000000000e+00
2.3750000000e+03  0.0000000000e+00
2.3760000000e+03  0.0000000000e+00
2.3770000000e+03  0.0000000000e+00
2.3780000000e+03  0.0000000000e+00
2.3790000000e+03  0.0000000000e+00
2.3800000000e+03  0.0000000000e+00
2.3810000000e+03  0.0000000000e+00
2.3820000000e+03  0.0000000000e+00
2.3830000000e+03  0.0000000000e+00
2.3840000000e+03  0.0000000000e+00
2.3850000000e+03  0.0000000000e+00
2.3860000000e+03  0.0000000000e+00
2.3870000000e+03  0.0000000000e+00
2.3880000000e+03  0.0000000000e+00
2.3890000000e+03  0.0000000000e+00
2.3900000000e+03  0.0000000000e+00
2.3910000000e+03  0.0000000000e+00
2.3920000000e+03  0.0000000000e+00
2.3930000000e+03  0.0000000000e+00
2.3940000000e+03  0.0000000000e+00
2.3950000000e+03  0.0000000000e+00
2.3960000000e+03  0.0000000000e+00
2.3970000000e+03  0.0000000000e+00
2.3980000000e+03  0.0000000000e+00
2.3990000000e+03  0.0000000000e+00
2.4000000000e+03  0.0000000000e+00
2.4010000000e+03  0.0000000000e+00
2.4020000000e+03  0.0000000000e+00
2.4030000000e+03  0.0000000000e+00
2.4040000000e+03  0.0000000000e+00
2.4050000000e+03  0.0000000000e+00
2.4060000000e+03  0.0000000000e+00
2.4070000000e+03  0.0000000000e+00
2.4080000000e+03  0.0000000000e+00
2.4090000000e+03  0.0000000000e+00
2.4100000000e+03  0.0000000000e+00
2.4110000000e+03  0.0000000000e+00
2.4120000000e+03  0.0000000000e+00
2.4130000000e+03  0.0000000000e+00
2.4140000000e+03  0.0000000000e+00
2.4150000000e+03  0.0000000000e+00
2.4160000000e+03  0.0000000000e+00
2.4170000000e+03  0.0000000000e+00
2.4180000000e+03  0.0000000000e+00
2.4190000000e+03  0.0000000000e+00
2.4200000000e+03  0.0000000000e+00
2.4210000000e+03  0.0000000000e+00
2.4220000000e+03  0.0000000000e+00
2.4230000000e+03  0.0000000000e+00
2.4240000000e+03  0.0000000000e+00
2.4250000000e+03  0.0000000000e+00
2.4260000000e+03  0.0000000000e+00
2.4270000000e+03  0.0000000000e+00
2.4280000000e+03  0.0000000000e+00
2.4290000000e+03  0.0000000000e+00
2.4300000000e+03  0.0000000000e+00
2.4310000000e+03  0.0000000000e+00
2.4320000000e+03  0.0000000000e+00
2.4330000000e+03  0.0000000000e+00
2.4340000000e+03  0.0000000000e+00
2.4350000000e+03  0.0000000000e+00
2.4360000000e+03  0.0000000000e+00
2.4370000000e+03  0.0000000000e+00
2.4380000000e+03  0.0000000000e+00
2.4390000000e+03  0.0000000000e+00
2.4400000000e+03  0.0000000000e+00
2.4410000000e+03  0.0000000000e+00
2.4420000000e+03  0.0000000000e+00
2.4430000000e+03  0.0000000000e+00
2.4440000000e+03  0.0000000000e+00
2.4450000000e+03  0.0000000000e+00
2.4460000000e+03  0.0000000000e+00
2.4470000000e+03  0.0000000000e+00
2.4480000000e+03  0.0000000000e+00
2.4490000000e+03  0.0000000000e+00
2.4500000000e+03  0.0000000000e+00
2.4510000000e+03  0.0000000000e+00
2.4520000000e+03  0.0000000000e+00
2.4530000000e+03  0.0000000000e+00
2.4540000000e+03  0.0000000000e+00
2.4550000000e+03  0.0000000000e+00
2.4560000000e+03  0.0000000000e+00
2.4570000000e+03  0.0000000000e+00
2.4580000000e+03  0.0000000000e+00
2.4590000000e+03  0.0000000000e+00
2.4600000000e+03  0.0000000000e+00
2.4610000000e+03  0.0000000000e+00
2.4620000000e+03  0.0000000000e+00
2.4630000000e+03  0.0000000000e+00
2.4640000000e+03  0.0000000000e+00
2.4650000000e+03  0.0000000000e+00
2.4660000000e+03  0.0000000000e+00
2.4670000000e+03  0.0000000000e+00
2.4680000000e+03  0.0000000000e+00
2.4690000000e+03  0.0000000000e+00
2.4700000000e+03  0.0000000000e+00
2.4710000000e+03  0.0000000000e+00
2.4720000000e+03  0.0000000000e+00
2.4730000000e+03  0.0000000000e+00
2.4740000000e+03  0.0000000000e+00
2.4750000000e+03  0.0000000000e+00
2.4760000000e+03  0.0000000000e+00
2.4770000000e+03  0.0000000000e+00
2.4780000000e+03  0.0000000000e+00
2.4790000000e+03  0.0000000000e+00
2.4800000000e+03  0.0000000000e+00
2.4810000000e+03  0.0000000000e+00
2.4820000000e+03  0.0000000000e+00
2.4830000000e+03  0.0000000000e+00
2.4840000000e+03  0.0000000000e+00
2.4850000000e+03  0.0000000000e+00
2.4860000000e+03  0.0000000000e+00
2.4870000000e+03  0.0000000000e+00
2.4880000000e+03  0.0000000000e+00
2.4890000000e+03  0.0000000000e+00
2.4900000000e+03  0.0000000000e+00
2.4910000000e+03  0.0000000000e+00
2.4920000000e+03  0.0000000000e+00
2.4930000000e+03  0.0000000000e+00
2.4940000000e+03  0.0000000000e+00
2.4950000000e+03  0.0000000000e+00
2.4960000000e+03  0.0000000000e+00
2.4970000000e+03  0.0000000000e+00
2.4980000000e+03  0.0000000000e+00
2.4990000000e+03  0.0000000000e+00
2.5000000000e+03  0.0000000000e+00
2.5010000000e+03  0.0000000000e+00
2.5020000000e+03  0.0000000000e+00
2.5030000000e+03  0.0000000000e+00
2.5040000000e+03  0.0000000000e+00
2.5050000000e+03  0.0000000000e+00
2.5060000000e+03  0.0000000000e+00
2.5070000000e+03  0.0000000000e+00
2.5080000000e+03  0.0000000000e+00
2.5090000000e+03  0.0000000000e+00
2.5100000000e+03  0.0000000000e+00
2.5110000000e+03  0.0000000000e+00
2.5120000000e+03  0.0000000000e+00
2.5130000000e+03  0.0000000000e+00
2.5140000000e+03  0.0000000000e+00
2.5150000000e+03  0.0000000000e+00
2.5160000000e+03  0.0000000000e+00
2.5170000000e+03  0.0000000000e+00
2.5180000000e+03  0.0000000000e+00
2.5190000000e+03  0.0000000000e+00
2.5200000000e+03  0.0000000000e+00
2.5210000000e+03  0.0000000000e+00
2.5220000000e+03  0.0000000000e+00
2.5230000000e+03  0.0000000000e+00
2.5240000000e+03  0.0000000000e+00
2.5250000000e+03  0.0000000000e+00
2.5260000000e+03  0.0000000000e+00
2.5270000000e+03  0.0000000000e+00
2.5280000000e+03  0.0000000000e+00
2.5290000000e+03  0.0000000000e+00
2.5300000000e+03  0.0000000000e+00
2.5310000000e+03  0.0000000000e+00
2.5320000000e+03  0.0000000000e+00
2.5330000000e+03  0.0000000000e+00
2.5340000000e+03  0.0000000000e+00
2.5350000000e+03  0.0000000000e+00
2.5360000000e+03  0.0000000000e+00
2.5370000000e+03  0.0000000000e+00
2.5380000000e+03  0.0000000000e+00
2.5390000000e+03  0.0000000000e+00
2.5400000000e+03  0.0000000000e+00
2.5410000000e+03  0.0000000000e+00
2.5420000000e+03  0.0000000000e+00
2.5430000000e+03  0.0000000000e+00
2.5440000000e+03  0.0000000000e+00
2.5450000000e+03  0.0000000000e+00
2.5460000000e+03  0.0000000000e+00
2.5470000000e+03  0.0000000000e+00
2.5480000000e+03  0.0000000000e+00
2.5490000000e+03  0.0000000000e+00
2.5500000000e+03  0.0000000000e+00
2.5510000000e+03  0.0000000000e+00
2.5520000000e+03  0.0000000000e+00
2.5530000000e+03  0.0000000000e+00
2.5540000000e+03  0.0000000000e+00
2.5550000000e+03  0.0000000000e+00
2.5560000000e+03  0.0000000000e+00
2.5570000000e+03  0.0000000000e+00
2.5580000000e+03  0.0000000000e+00
2.5590000000e+03  0.0000000000e+00
2.5600000000e+03  0.0000000000e+00
2.5610000000e+03  0.0000000000e+00
2.5620000000e+03  0.0000000000e+00
2.5630000000e+03  0.0000000000e+00
2.5640000000e+03  0.0000000000e+00
2.5650000000e+03  0.0000000000e+00
2.5660000000e+03  0.0000000000e+00
2.5670000000e+03  0.0000000000e+00
2.5680000000e+03  0.0000000000e+00
2.5690000000e+03  0.0000000000e+00
2.5700000000e+03  0.0000000000e+00
2.5710000000e+03  0.0000000000e+00
2.5720000000e+03  0.0000000000e+00
2.5730000000e+03  0.0000000000e+00
2.5740000000e+03  0.0000000000e+00
2.5750000000e+03  0.0000000000e+00
2.5760000000e+03  0.0000000000e+00
2.5770000000e+03  0.0000000000e+00
2.5780000000e+03  0.0000000000e+00
2.5790000000e+03  0.0000000000e+00
2.5800000000e+03  0.0000000000e+00
2.5810000000e+03  0.0000000000e+00
2.5820000000e+03  0.0000000000e+00
2.5830000000e+03  0.0000000000e+00
2.5840000000e+03  0.0000000000e+00
2.5850000000e+03  0.0000000000e+00
2.5860000000e+03  0.0000000000e+00
2.5870000000e+03  0.0000000000e+00
2.5880000000e+03  0.0000000000e+00
2.5890000000e+03  0.0000000000e+00
2.5900000000e+03  0.0000000000e+00
2.5910000000e+03  0.0000000000e+00
2.5920000000e+03  0.0000000000e+00
2.5930000000e+03  0.0000000000e+00
2.5940000000e+03  0.0000000000e+00
2.5950000000e+03  0.0000000000e+00
2.5960000000e+03  0.0000000000e+00
2.5970000000e+03  0.0000000000e+00
2.5980000000e+03  0.0000000000e+00
2.5990000000e+03  0.0000000000e+00
2.6000000000e+03  0.0000000000e+00
2.6010000000e+03  0.0000000000e+00
2.6020000000e+03  0.0000000000e+00
2.6030000000e+03  0.0000000000e+00
2.6040000000e+03  0.0000000000e+00
2.6050000000e+03  0.0000000000e+00
2.6060000000e+03  0.0000000000e+00
2.6070000000e+03  0.0000000000e+00
2.6080000000e+03  0.0000000000e+00
2.6090000000e+03  0.0000000000e+00
2.6100000000e+03  0.0000000000e+00
2.6110000000e+03  0.0000000000e+00
2.6120000000e+03  0.0000000000e+00
2.6130000000e+03  0.0000000000e+00
2.6140000000e+03  0.0000000000e+00
2.6150000000e+03  0.0000000000e+00
2.6160000000e+03  0.0000000000e+00
2.6170000000e+03  0.0000000000e+00
2.6180000000e+03  0.0000000000e+00
2.6190000000e+03  0.0000000000e+00
2.6200000000e+03  0.0000000000e+00
2.6210000000e+03  0.0000000000e+00
2.6220000000e+03  0.0000000000e+00
2.6230000000e+03  0.0000000000e+00
2.6240000000e+03  0.0000000000e+00
2.6250000000e+03  0.0000000000e+00
2.6260000000e+03  0.0000000000e+00
2.6270000000e+03  0.0000000000e+00
2.6280000000e+03  0.0000000000e+00
2.6290000000e+03  0.0000000000e+00
2.6300000000e+03  0.0000000000e+00
2.6310000000e+03  0.0000000000e+00
2.6320000000e+03  0.0000000000e+00
2.6330000000e+03  0.0000000000e+00
2.6340000000e+03  0.0000000000e+00
2.6350000000e+03  0.0000000000e+00
2.6360000000e+03  0.0000000000e+00
2.6370000000e+03  0.0000000000e+00
2.6380000000e+03  0.0000000000e+00
2.6390000000e+03  0.0000000000e+00
2.6400000000e+03  0.0000000000e+00
2.6410000000e+03  0.0000000000e+00
2.6420000000e+03  0.0000000000e+00
2.6430000000e+03  0.0000000000e+00
2.6440000000e+03  0.0000000000e+00
2.6450000000e+03  0.0000000000e+00
2.6460000000e+03  0.0000000000e+00
2.6470000000e+03  0.0000000000e+00
2.6480000000e+03  0.0000000000e+00
2.6490000000e+03  0.0000000000e+00
2.6500000000e+03  0.0000000000e+00
2.6510000000e+03  0.0000000000e+00
2.6520000000e+03  0.0000000000e+00
2.6530000000e+03  0.0000000000e+00
2.6540000000e+03  0.0000000000e+00
2.6550000000e+03  0.0000000000e+00
2.6560000000e+03  0.0000000000e+00
2.6570000000e+03  0.0000000000e+00
2.6580000000e+03  0.0000000000e+00
2.6590000000e+03  0.0000000000e+00
2.6600000000e+03  0.0000000000e+00
2.6610000000e+03  0.0000000000e+00
2.6620000000e+03  0.0000000000e+00
2.6630000000e+03  0.0000000000e+00
2.6640000000e+03  0.0000000000e+00
2.6650000000e+03  0.0000000000e+00
2.6660000000e+03  0.0000000000e+00
2.6670000000e+03  0.0000000000e+00
2.6680000000e+03  0.0000000000e+00
2.6690000000e+03  0.0000000000e+00
2.6700000000e+03  0.0000000000e+00
2.6710000000e+03  0.0000000000e+00
2.6720000000e+03  0.0000000000e+00
2.6730000000e+03  0.0000000000e+00
2.6740000000e+03  0.0000000000e+00
2.6750000000e+03  0.0000000000e+00
2.6760000000e+03  0.0000000000e+00
2.6770000000e+03  0.0000000000e+00
2.6780000000e+03  0.0000000000e+00
2.6790000000e+03  0.0000000000e+00
2.6800000000e+03  0.0000000000e+00
2.6810000000e+03  0.0000000000e+00
2.6820000000e+03  0.0000000000e+00
2.6830000000e+03  0.0000000000e+00
2.6840000000e+03  0.0000000000e+00
2.6850000000e+03  0.0000000000e+00
2.6860000000e+03  0.0000000000e+00
2.6870000000e+03  0.0000000000e+00
2.6880000000e+03  0.0000000000e+00
2.6890000000e+03  0.0000000000e+00
2.6900000000e+03  0.0000000000e+00
2.6910000000e+03  0.0000000000e+00
2.6920000000e+03  0.0000000000e+00
2.6930000000e+03  0.0000000000e+00
2.6940000000e+03  0.0000000000e+00
2.6950000000e+03  0.0000000000e+00
2.6960000000e+03  0.0000000000e+00
2.6970000000e+03  0.0000000000e+00
2.6980000000e+03  0.0000000000e+00
2.6990000000e+03  0.0000000000e+00
